sp_mean,sp_std,sp_rms,sp_kurtosis,sp_skew
0.10713115121472597,-1.1140157774540043,-1.1140004309401643,0.2558713885153886,-2.5301618435412365
0.06761164884873394,-1.119679746749168,-1.1196639595946043,0.32905801746573415,-2.729888852019858
0.12577815956833893,-1.1242660876932347,-1.1242505110131984,0.32322888072453776,-2.5951409070719236
0.10244343056099019,-1.126141643313713,-1.126125979739075,0.3193553075098577,-2.25236431885258
0.1260028142126514,-1.1255196375460161,-1.1255040551079845,0.3326922505827018,-2.3848805521373304
0.08534222497078768,-1.1145274432496632,-1.1145119509071117,0.22112137131280418,-2.281561471756575
0.21512718608822728,-1.111651304700933,-1.1116352052433953,0.21365402292752264,-2.089173961760196
0.11249260923880443,-1.1105436060206058,-1.110528337472844,0.21499535421514981,-1.6365550715097659
0.05865190686602733,-1.1182491782642983,-1.1182333336728645,0.23845364261203494,-2.0307852023149042
0.13201392328643025,-1.1212745265479431,-1.121259017042093,0.2373034048386959,-2.0275186011236306
0.0555273581602024,-1.1264998228049241,-1.1264837257791644,0.21632274928460213,-2.030650072472075
0.14014743035540478,-1.1244571675068245,-1.1244415865361752,0.24120466126430334,-2.262714654138222
0.07809433770063819,-1.120674239484158,-1.1206585419482666,0.25651405550527917,-1.8167978611402413
0.11176116548601576,-1.1222299032254757,-1.1222143722670637,0.2461773545923809,-2.002789155464254
0.03611629698850642,-1.1238298999912728,-1.1238135718485753,0.224945376129759,-2.0388423549582275
0.14029331518821322,-1.123660449319929,-1.1236448862392354,0.2480449943276169,-2.146575848811476
0.14095909986687025,-1.1228031874470779,-1.122787598835994,0.22316677907881474,-1.6892954357655365
0.10791312828364497,-1.1223133746978289,-1.1222978194751883,0.1897842077389199,-1.9499836449117371
0.15451781985037974,-1.125840313089751,-1.125824678671264,0.2295907997404639,-2.16686447425764
0.13241437952470483,-1.132016351208069,-1.1320006228891968,0.22582761741936813,-1.7551220626031638
0.07554369584943589,-1.1271906791030626,-1.1271748128534793,0.2208634999435729,-1.6597986486976273
0.14955390665108467,-1.1311075018158234,-1.1310917491249364,0.22830179184625807,-1.667956976293216
0.17730049146892674,-1.129223952816689,-1.1292080185209277,0.20224773240643823,-1.6105812331792073
0.1185590697904371,-1.1233010831366486,-1.123285528125364,0.18435806215229672,-1.9585671893641103
0.04140425480500309,-1.1239942904285092,-1.1239780705440652,0.186511772356069,-1.8241108543123812
0.19755190672367934,-1.123148067030945,-1.123132000487556,0.12892304244245423,-1.429356045721366
0.024572414909257895,-1.1276291954083304,-1.1276125580549934,0.18328652222684902,-1.6617384629607477
0.14043684832212594,-1.128598498924866,-1.1285828025725324,0.20658928482685018,-1.621769385366099
0.05834960199968654,-1.123198087221191,-1.1231820867243618,0.16566155346169364,-1.5065181024424978
0.18857692614245733,-1.1297911916258623,-1.1297751102535216,0.20559984414147386,-2.014699024722011
0.06134866179562339,-1.128281405847756,-1.1282653359870756,0.18039630160107686,-1.6372474672958657
0.14689805127872918,-1.1303075146281332,-1.1302917575106919,0.233704284853203,-1.5159040425055197
0.1526271360040164,-1.1279614020165132,-1.1279456751900823,0.17436201001139065,-1.7590399034437258
0.024630897070238193,-1.1268473892387598,-1.1268307918304492,0.2207881977618243,-1.7666151795092835
0.1670952312791224,-1.1275088693105766,-1.127493040696,0.20977545416504983,-2.022965706699646
0.12138557271818856,-1.126882497411681,-1.1268668619813182,0.16361417869162687,-1.737161385151704
0.06986413528704512,-1.1304033456103413,-1.130387317662094,0.21369884533483333,-1.1534740486955177
0.12824487893189207,-1.1358439928922939,-1.1358281786254154,0.18760706621122478,-1.9120595834168461
0.09427250019197597,-1.1353651738374992,-1.1353492583727234,0.1761391981395873,-1.7925966601966672
0.09453356954409109,-1.1363435006918456,-1.1363275856490853,0.17894470621581618,-1.7792713568922887
0.17723662373795615,-1.1308886802763094,-1.1308726638199997,0.17751094163783146,-2.1207779165954252
0.1850904620041705,-1.1321866527152362,-1.1321705175538732,0.17587483502555312,-1.857462437706821
0.11592999416485832,-1.1367936600136435,-1.136777802032495,0.20381584152206417,-2.070106019869207
0.029561422300150592,-1.1370887433114287,-1.1370719383279422,0.17048152771081093,-1.539743060959531
0.15139181704065743,-1.1378906560749298,-1.137874751071305,0.12081062913740172,-1.8557404541488487
0.18019142440680133,-1.1386890087622228,-1.138672794763063,0.14190968583422228,-1.2710819665204056
0.04267980397618954,-1.140382284002758,-1.1403656289634039,0.16862522115980044,-1.5566090606667775
0.19290071305726342,-1.1404235943210228,-1.1404071846431139,0.16472038604684555,-1.241134492533827
0.015701519444048278,-1.1332694980333553,-1.1332525325202873,0.13822439647642265,-1.7514032554938723
0.23503247845337524,-1.1355332810838588,-1.1355162871284543,0.14649034348405945,-1.1897002599273496
0.0007074770973617578,-1.1335497364850649,-1.133532406440748,0.1265696395573276,-1.44314830511275
0.2782177228889595,-1.1311789496345679,-1.1311609339580742,0.13295971713235408,-1.3061849580049114
-0.025096542883210483,-1.1276537576951253,-1.127635888345003,0.10172292765672171,-1.5118218452994951
0.18217141126183228,-1.1343435886986606,-1.1343274722739922,0.11088613661549061,-1.3462079557506827
0.09158628046310378,-1.132663658146302,-1.1326477809529563,0.14422092976760512,-1.1694969031720794
0.07673128583989518,-1.1366022219533911,-1.13658612198185,0.1292620587274969,-1.6268862130672592
0.10812097538147031,-1.1353858849726726,-1.1353700138226648,0.1019168201194517,-1.5629807429259805
0.14193312636164307,-1.136281591190489,-1.136265767097534,0.1430246521351794,-1.3864708625827964
0.04034776497545035,-1.1356776768792467,-1.1356611498696847,0.18749844902797796,-1.6849764710566517
0.16476341795941138,-1.1366053566116876,-1.136589390909241,0.13350177255212195,-1.1445453961963832
0.06181152845527476,-1.132586970970119,-1.1325707596500454,0.10207655520728841,-1.4892167759024664
0.20802215747346314,-1.1313604239595205,-1.1313440386717963,0.1277696511310897,-1.6789548297336483
0.11487226821876494,-1.1328173683549139,-1.132801622049555,0.11143525406331121,-1.1893387418945942
0.07597855241602347,-1.1358848330118143,-1.1358687491489254,0.1251402866446027,-1.9517241896170976
0.09745665946392203,-1.1383283215443742,-1.1383123395434234,0.12513940004191113,-1.9158057831719812
0.09980841734449711,-1.1383733710621786,-1.1383574104395744,0.07527286253580448,-1.7297779556115553
0.11626804062289539,-1.138192658011384,-1.1381767462264387,0.08612152978570253,-1.8909897645578124
0.09227234565960996,-1.135616259967051,-1.135600338864247,0.10458670179691906,-1.7738100244132333
0.17876114011612237,-1.13644078705112,-1.136424645924701,0.08382214406881867,-1.6406605449447282
0.08218899425792872,-1.1360700689267227,-1.1360540704640976,0.09256045526065854,-2.0343188488360315
0.14249235369120647,-1.132722544941444,-1.132706733595562,0.07032759921023293,-1.288937325839217
0.0924828829778733,-1.134533638553096,-1.1345177417600782,0.03516734016477456,-1.2980369096087163
0.16023895188398132,-1.133101838595324,-1.1330859739527428,0.05293824781447252,-1.4338274554329002
0.07026604755263492,-1.1361094760595933,-1.1360933423726167,0.03529046812375343,-1.3690837472678958
0.12225293030563224,-1.1366648255576561,-1.1366489704694287,0.029509217653240608,-1.4649135898775913
0.07666573575944191,-1.1339666460385032,-1.133950605247657,0.0491805654596237,-1.3338324529268106
0.11420189041827335,-1.1362376164126722,-1.1362217709172375,0.05031441788003497,-1.4577962299040494
0.16401102049252478,-1.1366360762629937,-1.136620020311096,0.038645159496297786,-1.5490470720419702
0.13473913518317143,-1.1358479559959973,-1.1358321416401291,-0.00770594577760472,-1.3324108436750706
0.06358041635402908,-1.1373676383381541,-1.13735136445013,0.05715276484814485,-1.4068377519369957
0.14357159242485393,-1.1339284703785348,-1.1339126319541288,0.08048468922872924,-1.7132840102348306
0.10586580128727827,-1.1393148656815408,-1.1392989063080037,0.045367186559555246,-1.535400343387589
0.03391322956624902,-1.1359700733270635,-1.1359533382426454,0.029086407441462247,-1.3434340262465014
0.2179758756409209,-1.139185829711806,-1.1391690224189963,0.07368361027939012,-1.2083762835718415
0.05334243754425515,-1.1437160826627812,-1.1436995766635847,0.08241024926755113,-1.8682864605705678
0.06538807522759922,-1.143463541156163,-1.1434472199469838,0.02857162529800788,-1.213511657430423
0.19767616464614107,-1.1407195060642152,-1.1407030449619113,0.051064160119817126,-1.200082947054594
0.0955347136660436,-1.1404482909503162,-1.1404322837363008,0.06178135747178983,-1.078805275921
0.1900840702105692,-1.138518841597554,-1.1385025194698548,0.049206589504120046,-1.2675010303749805
0.004460614145110763,-1.13917185809197,-1.1391544913650462,0.054593350099556744,-1.1702371648312744
0.2747319255355286,-1.1364698722020286,-1.1364518048899426,0.09308532866888503,-1.494701022951189
0.06163841571932967,-1.1392404399374148,-1.139224168776284,0.045418529946762175,-0.8827503616989167
0.15338177489384183,-1.1424627567141636,-1.1424466818762942,0.04903194298962213,-1.374427950294288
0.0050806830282216185,-1.1396250401199823,-1.1396076408271423,0.05893367536808135,-1.6098857269962283
0.20616138662156017,-1.144021622285027,-1.1440049079158505,0.0648820623194517,-1.0737128972177237
0.04578854988092868,-1.1396614245466385,-1.1396448752535202,0.04920625948213962,-1.168979351190449
0.13656684953470186,-1.1371812829024255,-1.137165416217376,0.020559204875343733,-1.5457893684633883
0.08296256727310573,-1.1425188447072552,-1.1425026790503,0.03331644128726991,-1.3286966424075963
0.16570203817833373,-1.144409401906724,-1.1443932161880541,0.05798067118567888,-1.4713950292059645
0.1250292359944521,-1.1459772460345652,-1.1459611818400426,0.09457036671754518,-1.0688157817779538
0.08000586626742111,-1.141672240672612,-1.1416560940257772,0.03587784226937135,-0.9140232140686212
0.014271912196453813,-1.1451649217274364,-1.145147621938134,0.03263030460012917,-0.8459870231400353
0.25197569706563394,-1.1413179123330224,-1.1413002959081742,0.0347104621074839,-1.0211922046682769
0.09779347301111489,-1.143356514965753,-1.143340420058936,0.029953951991767078,-1.1153967392498958
0.12192743318738146,-1.1414537997701768,-1.1414378371476452,0.03793409857332419,-1.1556143163768602
0.05746645058710705,-1.1436722422274626,-1.143655781992511,0.05137287884818731,-0.9801390589197275
0.14024849698766545,-1.1388288369126642,-1.1388129108426024,0.04011478163142712,-0.9596405764686887
0.13227510483792015,-1.135899297220811,-1.135883504102012,0.017135414600467993,-0.969507394117698
0.09452348570542356,-1.1374114116022234,-1.1373954949699083,0.05267865466575893,-1.0698596707034131
0.0640921378271638,-1.1406749939164045,-1.1406586905429967,0.03953058678331758,-1.2774690595384293
0.14552099052461856,-1.1381172918697688,-1.138101381777137,0.07661503007025795,-1.2050795461009873
0.08862688923698113,-1.140043920030064,-1.1400278995061057,0.07156877935375866,-1.0001898671839096
0.16060545787372066,-1.1425822543665105,-1.1425661320655467,0.03151149165676815,-0.8746589181957365
0.10008394054064332,-1.1408645287912624,-1.1408485122308099,0.07861449714103598,-0.8918819282395594
0.10657718892096738,-1.1447415413436575,-1.1447255048963387,0.07528471298735884,-0.8747487373421898
0.16402200192619068,-1.1429881030542453,-1.142971926860301,0.08226640864322954,-0.8210340160244676
0.06766509934860902,-1.1416912725265553,-1.141674968722973,0.0751560943792341,-0.9309553930243252
0.06638585208602923,-1.1401056056272565,-1.140089359819039,0.039509173614165005,-0.7439043115114193
0.09937423525643689,-1.1391933528917177,-1.139177373856783,0.05325970198434019,-1.131690759018556
0.08718809061660324,-1.1385294098740966,-1.1385134009678823,0.03482577061413862,-1.206376440391332
0.23219063113912644,-1.1338955788568377,-1.1338786664551417,0.003783626668335717,-0.5145797874932515
0.06241086545848013,-1.1337412864973992,-1.1337250492576794,0.027307509267917297,-1.076854736716028
0.06427533440177643,-1.139068996519011,-1.1390527292075667,0.03202999718827716,-0.5956778814839433
0.18280918071831123,-1.1381775220898949,-1.1381612971860293,0.039362091543633064,-0.6532691930079632
0.11926563926240273,-1.1307266632232118,-1.1307109414738008,0.00812434979559938,-0.9266172700112212
0.18683985413955995,-1.1374490498921983,-1.1374328189559408,-0.044239246866013326,-0.7425756592662109
0.03486226958082403,-1.141143490989237,-1.1411267069077475,-0.033847658529384705,-0.8524173786034364
0.07366892251555815,-1.142686974344031,-1.142670670572317,-0.005485013228278353,-0.7081476135273364
0.17382669111378848,-1.1405807974345938,-1.1405646529057218,-0.02176912807830738,-0.6748576526214458
0.0888687987827165,-1.1439507790075254,-1.143934648366858,0.003369153432094099,-1.0330684963941872
0.03879545905613419,-1.1471698715643122,-1.1471530417227591,0.029238228559496534,-0.7316723063785144
0.20463172061266036,-1.1486108515928097,-1.1485940565644264,0.03607055368379536,-1.0124395556128767
0.12882080152842534,-1.1454815669962186,-1.1454655363218635,-0.0004988908224374249,-0.6040782232890648
0.14554989821268075,-1.1427552651140624,-1.1427392732677004,0.02218149362184515,-1.113547261135475
0.036891552353166115,-1.1429122667138858,-1.1428954429153175,0.010238628670111992,-0.866078456886699
0.1013114196528307,-1.1407725265702593,-1.140756512075676,-0.014904633403403667,-0.853888113693566
0.15515099874958127,-1.1411180554762024,-1.1411020556128335,0.012275805873421284,-0.900075727423754
0.12056975695896983,-1.1430995849375196,-1.143083585359608,0.007497342549480894,-0.8580579165635682
0.020644262224167226,-1.144581539428036,-1.144564387077808,0.01459461435400352,-0.8606257998159663
0.1304760750579809,-1.1447110455965155,-1.1446950098339652,-0.024265285757784652,-0.7308485928225857
0.10706974930544379,-1.1432959712797972,-1.1432799225122894,0.008723727190331093,-0.812950396323545
0.1534239028739516,-1.1431210573468509,-1.1431049901170447,-0.02925008031918607,-0.6775618109802466
0.14832575562492709,-1.1424929166050595,-1.142476908259704,-0.010256470775477321,-0.82092069815999
0.06810387455850381,-1.1427552875044789,-1.1427389598089095,0.01160201352449506,-0.924024865564572
0.14126891119195464,-1.142898586169463,-1.1428825911048899,-0.011084476663985189,-0.7419629397614299
0.20598693005767466,-1.1464812543078142,-1.1464645294885123,-0.0003943608428660619,-0.8211901569341938
0.030570975604959374,-1.1428820396517407,-1.1428651717520804,0.006336471467624845,-0.8488464396613565
0.13958573720415296,-1.1436768994340745,-1.143660909282734,-0.0018687917403737194,-1.1282000159741432
0.030821850842450014,-1.143983245111311,-1.1439663524845678,-0.02147637321061758,-0.7371208332546089
0.16667191778421403,-1.1458829823815053,-1.1458667411843222,-0.01128567466494106,-1.0340721980082455
0.18164635409157873,-1.147351525012596,-1.147335116500454,-0.05029769975109579,-1.2119806476443309
0.06929852221020752,-1.1451518905050895,-1.145135553774684,0.0020271833053977337,-0.8797024756656375
0.08893502077714,-1.147050082836552,-1.1470339049922973,-0.01526830323632345,-0.8809328140774256
0.09662235517115449,-1.143946927855904,-1.1439308644714534,0.046484686363931584,-0.8430001520581719
0.1986569128451732,-1.1456278659770007,-1.1456112946596395,-0.005410430934909119,-0.6302939525395139
0.0599506447628577,-1.1464561098701926,-1.1464396319045482,-0.029302389785775842,-0.9303475736178354
0.11434497475468686,-1.144938532227178,-1.1449224913565157,-0.007610476630171063,-0.6805559360399971
0.16284864266329147,-1.1452990851025278,-1.145282901796328,-0.0010032710377841836,-0.5596933693580952
0.03703441870222287,-1.1441553602422068,-1.144138530920435,-0.03408063567914881,-0.9251105797421867
0.12937958102219846,-1.1414387534103536,-1.1414228359055085,-0.060549154738259364,-0.9147357904995126
0.10028685855964897,-1.1409151535227513,-1.1408991582154564,-0.04850486586810395,-0.5634998314315476
0.11567497460303229,-1.134650203060894,-1.1346344156000399,-0.06777123609985984,-0.6079830456054819
0.06720424843086831,-1.1372620227439776,-1.1372458407871595,-0.03717604455974195,-1.134471322722758
0.1991505952233976,-1.1369758956127538,-1.1369594737917443,-0.018158100113716314,-1.022554028130702
0.04950930170113606,-1.1380129077484944,-1.1379964626418348,-0.0714167632337571,-0.9445155305574156
0.09399731295281487,-1.1361422108483756,-1.13612630032549,-0.04511844907716138,-0.9193482068048365
0.18609272683759243,-1.1380192442363366,-1.1380030004966168,-0.039748433910787695,-1.1010579750549363
0.07110898158017262,-1.1399234595898118,-1.139907240261517,-0.06354736958643639,-0.6667086290715065
0.08435677080940689,-1.1374439224868418,-1.1374278931749409,-0.05544090332993748,-0.9560470441779035
0.1776717059855719,-1.134913783042799,-1.1348976985944954,-0.06203791675669967,-0.8127855408396804
0.1551983968946101,-1.1359495413152212,-1.135933635118645,-0.020721473131471276,-0.5765139170548718
0.07501774621329824,-1.137271202814703,-1.1372551102114052,-0.04640050912143253,-1.2392720348547834
0.08891126528436853,-1.1388473313966139,-1.1388312929616982,-0.03742016853697133,-0.7908223287629259
0.05350434829462044,-1.1341179380821436,-1.1341016252151375,-0.05571345260504041,-0.9291639201245195
0.20381019037899836,-1.135517495840294,-1.1355010843770947,-0.07286229081822491,-0.9179360786155453
0.13275634783174556,-1.1385884757925697,-1.1385725998995382,-0.02984528632455701,-0.8674937141402107
0.1368088719209513,-1.1360164438794358,-1.136000603350333,-0.052153857363811014,-1.5284331223117218
0.11089772910643646,-1.1407777435372815,-1.1407617737053806,-0.05655147248185852,-1.1072990858736318
0.00910138545131689,-1.1348383497299348,-1.1348211922595983,-0.02615593689775847,-1.123136450780885
0.1594001673098933,-1.1336281925041438,-1.1336122936526043,-0.04366185549083681,-1.027911836885848
0.09161799121211804,-1.1368471059375993,-1.1368311124168644,-0.07236203288469169,-1.080687459958198
0.10175792700249728,-1.1384731203672576,-1.1384571798947403,-0.053528963250401636,-1.292780464306118
0.1410747331836761,-1.135737817537707,-1.135721983265036,-0.06105135023214397,-0.9324715480182262
0.20755649031741683,-1.1360952805355933,-1.1360787889287527,-0.0462317963217294,-1.165276788508254
0.06310208541483416,-1.1344064385975061,-1.13439025359183,-0.06870147543735626,-0.7770646743368514
0.08583366592607325,-1.1352171731850702,-1.1352012162637566,-0.06680753989017912,-0.9454879203227895
0.06769255036821668,-1.1329230735107563,-1.13290698898313,-0.07712832011965039,-0.7312191836333414
0.20389658005075692,-1.1284479009841344,-1.12843164826557,-0.09539992731717463,-0.6874115204610414
0.10275906855989266,-1.1300912455960892,-1.1300755605046144,-0.09168714526894069,-0.8564820549708433
0.09663580114423025,-1.131927953844107,-1.1319121155605905,-0.07628021963250514,-0.5673184926756661
0.10612440609998355,-1.1341946924295756,-1.1341788704171845,-0.05618853376342615,-0.6933162590136316
0.14725570441722735,-1.13287903156169,-1.1328632390918836,-0.053357709242150816,-0.9045039817334036
0.11457545535153568,-1.132733919272977,-1.1327181524515169,-0.05669584067801306,-0.8979345350986145
0.05409931529246225,-1.133782865500661,-1.1337665825474756,-0.052078177741577025,-0.40087990652329586
0.27174385743148627,-1.1381317336883492,-1.1381136962296374,-0.016107877677331926,-0.8113167866209448
0.11991753013219374,-1.1396337947727964,-1.1396179177975014,-0.016083271284875144,-0.9779348948636514
0.002720182572362293,-1.1394819653591624,-1.1394645244991755,-0.002116584089412991,-0.896672081289922
0.16747395225451117,-1.1428641944898668,-1.1428480434681483,-0.014883982423327792,-0.7762037104643168
0.03995660846249829,-1.138334568470551,-1.1383179370218326,-0.007544029187981739,-0.4358158868390809
0.18674495013810247,-1.1417960372849085,-1.1417796863490526,-0.01809835388986106,-0.8112798322434345
0.1179744071831767,-1.1458485683114927,-1.1458325293962852,-0.010197890156502756,-0.9410285083771744
0.12884343502744883,-1.142143917184574,-1.1421279390657602,-0.0552647106767187,-1.0280327938180673
0.07166764983627986,-1.1428411099705547,-1.1428248475176206,-0.02042078293493861,-0.9737097161302497
0.20283347366378754,-1.136936421308634,-1.1369199332042617,-0.03466518651490291,-1.0534064173741786
0.027268041433713135,-1.1416281091618803,-1.1416111798590216,-0.03390433158780456,-0.7984359484819633
0.13585490154527805,-1.141536375625874,-1.141520411149138,-0.09728287764725703,-1.3030647924701133
0.08880414886181875,-1.1430350781478604,-1.1430189680688518,-0.00560825600949487,-1.0250473120854178
0.08605943927829485,-1.1377193022181917,-1.1377032667227605,-0.06059520191107057,-0.9845480777826777
0.1495620850237985,-1.139640937315629,-1.1396249258404698,-0.07263464892669326,-1.3137862597929664
0.1567977573082986,-1.139080303679295,-1.1390642824030033,-0.07401394231587063,-0.8013555039100022
0.02460972408650493,-1.144214381379847,-1.144197349223559,-0.011160813706714345,-1.2532993682171316
0.31906474774110144,-1.1420419736186875,-1.1420221915036533,-0.037254330483531786,-1.0212350798401058
-0.0248425388860112,-1.1428391172234946,-1.1428208173331658,-0.04658346213465194,-1.089098183483855
0.08788894817868276,-1.144192640285519,-1.1441764818240496,-0.05144944209616475,-0.9032582286504387
0.21802293013529322,-1.143268229553873,-1.1432513753724023,-0.04758414408477296,-1.5613294060915126
0.056444464309292106,-1.1444408828321877,-1.1444243381680095,-0.03884877188126996,-0.92986964359924
0.10776298500370847,-1.144233234110459,-1.1442171866870414,-0.053494389057235046,-1.1027396358081465
0.03832408319589817,-1.1456007287923193,-1.1455838670154344,-0.01010771279725527,-0.573841862194864
0.15549823465698392,-1.1444392259413738,-1.1444231067227595,-0.06736562349820727,-1.2308945644463962
0.0670088394351634,-1.144724054428446,-1.1447077049149974,-0.012465011489113085,-1.0356106931924214
0.16343184860209733,-1.1450044272226543,-1.144988250532867,-0.03723967159491227,-1.0492324277121283
0.08566962659328323,-1.1435012242269706,-1.1434850589010301,-0.022819756898653072,-0.7643388945540077
0.18315036427086764,-1.1398591319234839,-1.1398428916497245,-0.0693165485858021,-0.5870837944023679
0.00023251085713220197,-1.1437195307869072,-1.143701905214603,-0.040384386822189935,-0.7630208577210515
0.16637051051287163,-1.14434729089162,-1.144331084177712,-0.0545177514175386,-0.7280604278330851
0.1454995892953,-1.0703360605443653,-1.0703216948393068,0.8641950306108533,-0.03427159369325118
0.11556920200842295,-1.1030708045458468,-1.1030557485763743,0.30538864902968965,-0.3067497592704019
0.07840146393439887,-1.1147107311983446,-1.1146951451804883,-0.1155706394335211,-0.62603519493082
0.09190931208023578,-0.8798432341110174,-0.8798330562787195,7.610859715150192,0.6790589663539898
-0.07698147294945586,-0.41795876773585355,-0.4179576179207509,0.5217144083270082,-0.20396769160992773
0.26852966719545146,-0.7496205723066802,-0.7496123781904557,4.648483840831462,0.48568206698613536
-0.09834751654408498,-0.8549775571738085,-0.8549651613400303,1.6548555732398258,0.07268852411711732
0.3319928649230548,-0.6219773760337232,-0.6219712868321199,0.36787661658392656,-0.3745855429159227
0.16777771122474933,-0.3956727802341889,-0.39567347423592625,0.0686580331155355,0.5730504532240878
0.13709940931686332,-0.3419793973962909,-0.3419814761785716,0.5175820160790537,-0.5350608817438967
0.06130574649647218,-0.24693154239228565,-0.24693557631292773,0.09918908673176349,-0.851101489737747
0.26145041237992656,-0.1852171063435661,-0.18522207823638245,0.15334855648090912,-0.3549412253707984
-0.19229764636136218,-0.4246488450339693,-0.4246455746837311,2.6555625866882475,-1.2045072221840059
-0.0034521627732544986,-0.884092532116958,-0.8840814080518291,-0.05469612085483019,-1.1539837818582823
-0.017897400150587422,-0.7072641737873369,-0.7072570651048448,-0.44157382983492005,-0.5389033987273713
0.16874344650629425,-0.6225373155671486,-0.6225330049854411,1.7639442012041617,-1.3975223593763813
0.1740953797651613,-0.5997150328117808,-0.5997111451347139,-0.09144167583309303,-0.8592482198781555
0.13938337954088204,-0.6598729766737758,-0.6598678277362621,-0.34028606198065825,-0.2446886168155375
0.25545073353731285,-0.5821501989513499,-0.5821459892076453,0.07630747787812477,-0.6680062098138568
0.05016735680457844,0.1634343670711114,0.16342102900527852,0.5911340859589795,-0.5290490826936101
0.009636075098181648,-0.5712666653458045,-0.5712629686660112,0.4188504684549601,-0.26070209201933586
0.12258425377713143,-0.005028170415902838,-0.005037636170089526,0.35226693467925,-0.0679125334030786
0.27432228369472417,-0.5675845165873714,-0.567580454790332,2.9937120541815188,-0.31785798651932673
0.3238139792977978,-0.29033133431604474,-0.2903333189976428,-0.26193194144656556,-0.18205764189992704
2.075092992730829,1.6779846466648398,1.6779810051517752,-0.7454167916460002,-2.0047480426942195
0.019554151050532223,-0.33513805044495126,-0.3351397454887336,-0.16878459338394375,-0.8471947090096509
0.6299002953971424,1.248856732556735,1.248822425077201,-0.5807786907741348,-1.5609082005924573
1.0901540201044186,1.4086266834641457,1.4085968487897278,-0.5579878878836727,-1.5691535966035852
0.008321083038209153,-0.2605468859224225,-0.2605502558779114,-0.15959565077657276,-0.5359625457920613
0.49033036653649803,1.0604917121750705,1.0604602013945323,-0.2492030889012286,-1.6621428589964804
0.2663479984379555,-0.44811937512505917,-0.4481183541037086,1.622949820370936,-0.23909766437461613
0.5746543182948984,0.6294204890464494,0.6294000907346081,0.14526452622990904,-0.7325227573153185
0.22575643425146735,-0.3403693473335285,-0.34037101447050067,1.840771355951873,-2.302966618964251
-0.136751472458745,-0.7072560236757659,-0.7072467657445719,-0.03438346229979417,0.07821792298015084
0.20250641056283422,-0.4279014560441125,-0.427901336805492,0.18026591900635686,-1.2778841480668879
0.006351297991474107,-0.47472931028095466,-0.47472787086455354,0.12884370580327179,-0.92060028691374
0.3857284820025356,-0.6386317260015111,-0.6386240985583144,1.1684372817332072,-0.060680669683059
-0.15434423184474716,-0.15273237373164894,-0.15273646298102933,0.346290278265362,-0.5269947806294869
0.42320737138274883,-0.2930627859939737,-0.293063276387556,-0.14103458541533692,-0.40473451880123107
-0.09053380333885544,-0.514036671456098,-0.5140330060154169,-0.06930944318035802,-0.6184437236425353
0.13967313474686685,-0.25874929373186206,-0.25875315184976366,2.308650196792696,-0.49154224173653266
0.26394682410588377,-0.8267410478278446,-0.8267311220053504,0.1397320249221735,-0.6258886107352953
0.1640072121251745,-0.7264913617232495,-0.7264846273396219,1.4768205149175813,-0.5689511063766702
-0.17833947993395127,-0.8761125429298209,-0.8760971200691029,-0.06514893952753623,-1.0021491008190455
0.04590194433935285,-0.2653930676488549,-0.26539659746443384,0.368053516439888,0.7377164113285768
0.09561359431450142,-0.45883578666256686,-0.4588350623668481,0.37431501466391626,0.08227305739935047
0.1672536670545654,-0.4394739875432348,-0.4394737875678318,0.38718187108107227,0.11435991146109094
0.2700227010701887,-0.566978004987826,-0.5669740463693917,1.0164826454754017,-0.22089720792053882
-0.12296654699513611,-0.5608888864659874,-0.5608836316215517,0.25633825383160236,-0.19725361069402192
0.45039024089603563,-0.3741183324172682,-0.37411619670740814,0.058909304892577716,-0.6651532120210388
-0.08203547647645996,-0.17438130910579352,-0.17438580783442215,-0.06975029443273158,-0.1295032665686657
0.2029892192187925,-0.17847848662268692,-0.17848387850720118,0.0863784438856984,-0.8977547563264877
0.6825257464661673,-0.16660099765214526,-0.16659841675221831,0.9192210439900289,-0.9698421524290075
-0.3853674171764267,-0.029483162335433705,-0.02948580978774254,1.520605240023849,-1.1332415883086784
0.22603565297444977,-0.7290016856487748,-0.7289944470986577,0.279537071519941,-0.3634732189658308
0.1118677228351094,-0.8746600766177083,-0.8746501047305808,0.04890743872285831,-0.5330938354437874
-0.281982609910899,-0.17212336995397154,-0.172124784795719,0.47998281020902533,-0.9752334818339519
0.3758418680371569,-0.2760355908122301,-0.2760371800212081,0.5129304185462502,-1.25617410074169
0.0883180883474092,-0.4542985031208409,-0.4542978807078233,0.7205813250510644,-0.10858540391485133
0.10117797035758554,-0.4047151946796849,-0.40471577519764795,0.14754900108242072,-0.5608945863732463
0.11614064304135718,-0.16230364981260212,-0.16230967357490791,-0.09013241222468585,-1.025672862437381
0.07611715647111648,-0.28336809393780293,-0.2833713096917476,0.6549165040254095,-0.8845887701677722
0.3867505708626361,-0.5414352866393999,-0.5414301103783515,1.8778484915797466,-0.8029395389553252
0.15306019994516434,-0.7393344150107873,-0.7393274818017163,0.5279071884495592,-0.4008615026031024
0.08087915952236122,-0.15427256569523162,-0.1542786802323352,0.4434136648281644,-1.345792369394771
0.0919066244243549,-0.26138724303088884,-0.26139113147445675,0.39363225958879683,-0.2291093963975168
-0.0623400264345909,-0.40945927610731614,-0.40945867538316816,0.9167774959349928,1.3788870471742383
0.1432237987262737,-0.5950294351517963,-0.5950258318070677,-0.28247389002298523,-1.0723657054515447
0.31338811077384826,-0.2596739283676722,-0.2596766910074563,0.20194953424360365,-0.34349770449025735
-0.2584042767465434,-0.15677769504415123,-0.156779991824189,-0.12017836137974422,-0.8058027444408085
0.24469173929933521,-0.1447401593771554,-0.14474612972162113,0.20941568133304406,-0.6830974226591667
0.1694402674554382,-0.8440128806992159,-0.8440035074217036,9.646263601346556,0.48402980888251756
0.032351291170321664,-0.8024504015647175,-0.8024416480955553,10.322988988057979,-2.911234304334652
0.2595417971500527,-0.4995403098213055,-0.49953822372519613,0.035454094017819536,-0.5547691500893688
0.1561918063122337,-0.5184716755756914,-0.5184696121823851,1.159636014860889,-0.10359153098814029
0.004399434070021044,-0.33568948162014334,-0.3356911642817818,0.09355404536898725,-1.3197352755252905
-0.010320323761617036,-0.4487515013609705,-0.44875037658584943,0.16913100368508285,-0.3928464996108493
0.2807902096378653,-0.4846976132255795,-0.48469550217705876,0.18193089455851227,-0.8622443104262287
-0.013446324006782211,-0.44040274201566326,-0.44040189426790627,0.40250353024245594,-0.6600392897375484
0.3005674382777584,-0.4872597037938303,-0.4872573560953866,0.1770921739999697,-0.16963646849282038
0.005387804132868012,0.09473304636442764,0.09472178831438301,-0.13916493567105975,-0.7809650331476009
-0.015127822056494055,-0.27600791625755505,-0.27601084948277116,-0.016127173130011177,-0.2049083910794284
0.23437061754713973,-0.2530452903721684,-0.2530490078919865,0.11894810902031706,-1.2138122480990694
0.3003265340384212,-0.39700823423017545,-0.3970079130886822,1.090863927402376,-2.1161651220645408
-0.11337842696419077,-0.8131002687846731,-0.8130886341676298,0.12388168039420755,-0.7469208718151757
0.10640093844936364,-0.4685179400855515,-0.46851699838134725,0.9242655624753869,-2.2344897144778244
0.09592508542451136,-0.19641365797043625,-0.1964189158075505,0.8556662401405405,0.08040082619048304
0.40920482785861795,-0.31448620509409947,-0.31448639355356217,0.9185110763382867,-1.076052055265094
-0.16693419678068147,-0.1261101686275642,-0.12611476610716593,0.04963527543207161,0.10926869806184576
0.09268624722982101,-0.014810812027707614,-0.014819968557336251,0.13403688446900577,-0.7374135038597108
0.30084553885382853,-0.19639520826731954,-0.19639948136251373,1.1873928193959795,-0.7236040134274455
0.11984391516068,-0.6026123526944289,-0.6026084895189763,4.337626170314622,-2.3063489420265735
0.1317428810127438,-0.8422847435803399,-0.8422754986670392,0.1691705392364843,-0.8596226741644056
0.0356248662914494,-0.3387580434074475,-0.33875983628519324,1.1613239428962405,-0.028595111249111797
0.23615530311786556,-0.21077988650508997,-0.21078446351625943,0.6896888872673235,-0.4233106451056952
0.07783405566756452,-0.34517737579040886,-0.34517920364418586,0.7605853752659057,-0.21442879059943518
0.2839032127074539,-0.335118794686844,-0.3351201319243877,0.6101704702487765,-0.3206287415695657
-0.12297257883352523,-0.06211468651729398,-0.06212134790480798,0.36869773070740297,-1.0250298136089608
0.11646894097657254,0.31839145319169854,0.31837481475213797,0.5147700266164927,-1.532118354389075
0.20685484800085302,-0.05288983495893997,-0.0528982260005551,2.1683262558235064,-1.6028634966473492
0.08411463558264334,-0.8765553805854547,-0.876545276580458,0.37532015491318393,-0.046892259388807284
0.2069978220613096,-0.39828923473346806,-0.39828978042421886,0.7397454370088625,-1.1454180050736593
0.12509993778934161,-0.47045229293950613,-0.4704513973599161,0.15303228860268436,0.9590990510197372
0.009286372086812012,-0.3297030007670997,-0.3297048178525258,1.0543064573290573,0.06794488185545731
-0.5214553750028905,0.04932134118429123,0.04932041703813395,0.06644749448231269,-1.044654785204676
0.8200761994209662,0.11271667057327475,0.11271539762880631,1.5607240374238978e-05,-0.21517693250387257
0.1361973173675394,-0.43552575107625924,-0.43552563975676506,2.019641669857025,-0.7581537079152295
0.09215626610986205,-0.8862305929793541,-0.8862203612813842,-0.13796000893127014,-0.7226531785903263
0.08708433632846169,-0.7828411883441238,-0.7828333229894701,0.362050876486867,0.1900036855939013
0.04829505057466769,-0.534903196119429,-0.5349006742039202,0.7811736936118888,0.1752794489048214
0.49015950548172027,-0.3509867932305315,-0.3509843708922925,0.25297386850106734,-0.39203153308877114
-0.020754716873494058,-0.517241366975137,-0.5172385251709768,1.4516436122605831,1.336271732972257
0.1372255752698359,-0.09792815755512708,-0.09793571640037814,-0.13234472163912497,-0.6610748517797497
0.15684649928126787,-0.057187361921814325,-0.05719574602401115,-0.12080879366952585,-0.17258440361478655
-0.231085054859331,-0.24625176935026716,-0.24625223614873124,0.8679097147741386,-1.0548649599105453
0.4897206174313114,-0.47056191641821904,-0.4705562717153911,2.149636574855952,-1.4497551134167408
0.001992320223617171,-0.6498769991744758,-0.6498713582149926,1.0096259495316884,-1.5702701287274685
0.08807628907763076,-0.8159790494025388,-0.815970260832519,0.043668181944519796,-0.3539089031761974
-0.025417902409088356,-0.4841495853936808,-0.48414748665088336,-0.04878430481261449,-0.4185746614615395
0.3934124491330276,-0.48919611656609413,-0.4891922028722282,0.9543540149645858,-0.673429612583412
-0.2614031262487949,-0.13951298232519643,-0.13951557721709046,-0.02202432194893244,-0.39876546989889405
0.5735367458434272,-0.1775358500920881,-0.17753606868312627,0.9344294546804771,-1.232957753767961
0.06842141802335999,-0.0013205861444350625,-0.001330135150791617,-0.04977834522792697,-0.689310397773067
-0.18873241954424588,-0.06661175687115875,-0.06661742168239558,0.15448458865811063,-1.05627707562298
0.5157717171048097,1.3569349142910794,1.3568963887705434,-0.69278037601235,-1.8034168864364128
2.366844726964241,2.1907538420442125,2.190744776581493,-1.23555022399122,-1.7391439389262393
0.2464376590243595,-0.9230467068637482,-0.9230347528796304,4.593013247691897,2.131415640206559
1.5502014313190382,1.7820395392564232,1.7820120669195396,-1.0127574266843988,-1.8575011957822702
0.22144586506415173,-0.8595692046465628,-0.8595590342603836,4.241045789308647,1.0567768412913185
-0.02377562156713439,-0.49868822013464353,-0.4986859740525233,0.013176374960822695,0.11498956390626403
0.47865884131936526,1.758421769787062,1.7583744081755404,-0.8361879673473587,-1.4799273393454282
-0.1001055512370303,-0.6084734472156115,-0.6084673030001567,0.49395015889984006,-1.0793138382262029
0.047166394107245026,-0.08424295592581049,-0.08425064294692022,0.3835424574821492,-0.58083663473718
0.43240173956891825,-0.34874802027515117,-0.3487469020427353,0.37886505589117914,0.2642939955432049
0.20905410962031729,-0.3460468404402001,-0.34604873833018635,0.09231734423483784,-0.1734490411799511
0.6554285947106688,1.4462999024884762,1.4462609823903196,-0.4667353223286939,-1.2819224690395161
0.08149060123525906,-0.14154791292963684,-0.14155431319320705,0.3414301265731114,-0.46244879424267754
-0.3300547615885886,-0.47232977413579524,-0.47232158206617453,0.8045465228554249,-0.09908925209312096
1.634747124945839,1.108979860569085,1.1089768156945574,-0.37484705138524693,-1.8181771334103731
-0.5700159414584426,0.9088822619918441,0.9088593499946177,-0.19314420121388148,-1.8317118545751145
0.2761445041237252,-0.33539983919354416,-0.3354011701203574,0.4443494958201248,-0.17309054035642493
0.20468203209459823,-0.08877638831591499,-0.08878388398114498,0.17202503883313103,0.08484232574280072
1.3039111295965928,1.156870453530116,1.1568537949418052,-0.3215716331969537,-1.8833775418395906
0.2315204713259916,-0.0956446037669392,-0.09565176609011085,0.008633877713892726,0.9626978826228831
2.0667078346458294,1.0045357329787385,1.0045584979805302,-0.16731733492024872,-1.598173632298239
0.2887361514091422,-0.28060574348523676,-0.2806084839086155,0.02907418512158598,-0.9815359151221111
0.02157773024779887,0.9317767314496976,0.9317461405948917,-0.12498312726726017,-1.3056166112291623
-0.1476068324957489,-0.23535668228985737,-0.23535900580647878,0.7958249119429796,-0.34490693829257035
0.7249886987711106,0.8326276686538463,0.8326050359654144,-0.08854062795852756,-1.8269725160321952
0.41633472754850864,-0.32124578224473255,-0.32124563980156207,1.4113801179888812,-1.3247172871414166
1.3162876413127975,1.3292069808633107,1.3291857360570385,-0.4901013288925278,-1.9696920566790184
-0.06840391152971748,-0.5593125115894962,-0.5593081877384087,1.9189202813005695,0.5745648837046968
0.2517575455772272,1.1442015976821993,1.1441664160400051,-0.5362652164083931,-1.6316927807447934
0.32078008768680943,-0.5491581890653889,-0.5491540932251359,2.092719802756288,-1.1481932179081265
0.8770411273653689,0.9622239361688716,0.9622007220044193,-0.3575665363290714,-1.165503585713905
1.3118316309610585,2.087083348121449,2.0870415031493716,-1.184533535564713,-1.6077074571283911
0.19157004129494776,-0.30121782345655546,-0.3012206384026951,-0.05175040872597899,-0.6084082401796445
-0.33529253102189005,-0.16183300325979483,-0.16183339533202495,0.7948889922217551,-0.7630249063019103
1.4646083315240683,1.726236531384962,1.7262085208869213,-0.9413088085895857,-2.039128118137123
0.2795770715291949,-0.49926445989121104,-0.49926202175057205,1.3601640282172505,0.16173869140845126
1.1789413681391163,1.7990347609235422,1.7989972345237595,-1.0209179201705123,-1.720083044985263
3.398282854502033,1.8490678480494172,1.8491327291393829,-1.0350808290215114,-1.9650949161742575
-0.10964804266737217,-0.06597461518197302,-0.06598136901580008,0.2986423101829329,-0.42877415702428584
0.35077445041605687,0.43812501096585915,0.4381065795586036,0.29172763283537057,-1.5761789857507322
1.4185394477511106,2.2984169950200966,2.2983718375986437,-1.2883107679216579,-1.9057828703611415
1.8531100149266253,2.298500108245787,2.298467129071082,-1.2693023392150335,-1.6299944865098133
0.4308037127249416,0.9251126270346102,0.925083618773803,0.015285309112103141,-0.9895920373071805
0.0384748894138549,0.2716819994767995,0.27166640987742446,1.8501961991295655,-1.1872986298201458
0.2621298661481304,0.18678972086022022,0.1867763957181444,0.9411179154498849,-1.3249234674054493
0.1046125535049659,-0.5113613749425097,-0.5113594712078685,1.1631024051442578,-2.8591747395956864
0.3092488540033667,0.041777741212863644,0.041767851370153354,-0.03616331813800432,0.1542359761408401
0.21475182724724676,-0.1820276363076816,-0.1820329484976048,0.3967404321832176,-1.0123987920127502
1.7316271484530348,1.6105429212233666,1.6105271810170156,-0.6234754065298475,-1.9481901459640023
-0.3273387519639987,-0.0002557875019372875,-0.00026052419653225194,0.6423729656206142,-0.08235627270792856
0.39859059774197936,-0.27041434243156476,-0.27041578918423265,0.4787531676202622,-0.4124699620695643
0.36295566597707085,0.1166229921807424,0.11661177995954464,0.14414174594944057,-0.022352489366343424
-0.13319061564699225,-0.4427318826916492,-0.4427293705702836,1.1169286158084648,-0.8263674241983273
0.7300607772968251,0.8606816065444538,0.8606581647979085,-0.0687440934653781,-1.2371068180774718
-0.1348164217738902,0.17943384213992186,0.17942157776740442,0.018421394258537154,-1.176309321874395
0.310347264083901,-0.6059033856591209,-0.6058980156305015,2.6819905567427798,0.6921462688247509
-0.1129363998958447,-0.24776715273247443,-0.2477696453757275,0.41844730843684236,0.24046607657387334
0.03981890200240366,-0.9025554007985115,-0.902544354735908,21.448529456249375,-5.212763547859528
0.29131491619392236,-0.04434108441431426,-0.044349040496771255,1.2546224180649137,-0.5935079226197892
0.39169027720710337,-0.3522156688444361,-0.35221509966508263,0.3753020853375335,-0.4290097894119287
0.15635281690304348,0.41760446301679904,0.4175854176735441,1.0514745448436713,-1.3485050450806877
0.1714834501274695,0.14073048483768674,0.14071765657751756,1.1664790700007708,-1.0810897607608372
-0.3372619878053114,-0.41822055648444645,-0.41821357941344733,0.14918066369588218,-0.5620091518916552
0.537816978528386,0.00997493112293977,0.00996880042656045,0.8704906130470179,-0.8986996356032825
0.8691171792361094,-0.4984529416390727,-0.498431176835336,0.7912321439954543,0.9719762129530733
-0.3075597383923374,-0.5398683157377984,-0.5398587862393177,0.8534808733031218,-1.2218933043733773
-0.2201382529730062,-0.6590285892903568,-0.6590181752935711,3.1184387045002815,0.6470654033855953
0.09955216423068759,-0.023622157375916764,-0.02363129516998028,0.2583788426921133,-0.4762373456759202
0.0757182652538355,-0.8626016283017913,-0.8625917928423216,-0.2084162633215157,0.333295064459488
0.01671420150856571,0.2449757855303678,0.24496097472655926,0.24069956895655184,-1.2987293700758495
0.17881133875754618,-0.8306963148855709,-0.83068710628619,-0.2601137481995722,0.35741392915630854
0.7195924191902092,-0.07816019628223059,-0.07815906392357104,0.27454407769891837,-0.8959228434107112
0.19745879278310433,-0.680076118079896,-0.680070336370442,-0.07652248605895025,0.24696252944208405
0.05370535828311525,-0.7088648198752097,-0.7088583021684974,0.7860546771312156,-0.4756110136162357
-0.052960558772412306,-0.5156504831088162,-0.5156473187886335,0.9542934238682961,-0.873206064072798
-0.31544683896463466,-0.434687006077774,-0.4346802861774923,-0.012777999800745222,-0.4167303833280653
0.19240378394970203,-0.6247914035673492,-0.6247868632517805,0.15147633971362973,0.12378574285652294
0.15493867137043543,-0.33561290639604247,-0.3356150385754165,0.16013888053536784,0.46437870148979793
-0.014614418233876644,-0.7001374833693476,-0.7001306242732006,-0.05704050074686782,-0.2195019863643687
0.9904820350484269,-0.1632116259786079,-0.16319720975147245,0.36667839726979007,-0.7419485248201789
0.11808690276432392,-0.8843479619872923,-0.884337772562971,-0.20384895061099956,0.0051148799620504715
-0.4798176356356596,-0.2791996253350799,-0.27919200841229413,0.04664684557735553,-0.5080244111426907
0.12659005371898124,-0.8905694078700771,-0.8905590787459321,-0.1643258814115025,0.7241794628998169
0.4232881651908318,-0.20466963143016625,-0.2046721962127098,0.26506291896916073,-0.11582100387756156
0.054337306194890404,-0.7589221334316335,-0.758914446930192,-0.05595387221669949,1.4293924498328894
0.17349279090350464,-0.8509575370318425,-0.8509479630353075,-0.19376137633999088,0.26054849353773474
-0.06708892972797353,-0.3108700632832247,-0.31087185545568446,0.2180372683123538,0.0439978493647774
0.1720721442185512,-0.7418098994483884,-0.7418028210937513,-0.09786252153499261,0.861413698530062
0.05193591131090479,-0.5896537648582475,-0.5896499239832067,0.013825412521204918,-0.5848258708789607
0.07415453679702566,-0.7020303691721224,-0.7020240049299868,0.31276634484919597,0.7603491153197027
-0.21763522468963237,-0.3274976343129937,-0.32749618721173285,0.14145914899521145,-0.8927004879917648
0.07350051830651885,-0.8039231535940919,-0.8039145461742415,-0.1601957720102922,1.1014119055468115
0.44323434685499175,-0.25577163703515726,-0.25577251698677234,0.6415233431844481,-0.12141638245348006
0.18444966637026844,-0.851773219901432,-0.8517635828092706,-0.1442126483655183,-0.4005100022669546
0.015792171409770586,-0.14458360558566022,-0.1445897585647814,1.1670196788185658,-1.0573730903287586
0.038035888522931945,-0.8136335189417454,-0.813624514360614,0.11992886246903336,0.5582793339741791
-0.12458236160742349,-0.36131728355090376,-0.36131677867776923,1.550164886719835,-1.2259617755946748
0.6943706767787589,-0.4245445952551934,-0.424533804234856,1.5780094920085466,-1.677650940640323
0.15228091053212622,-0.7194990138036828,-0.7194925259897988,0.019113788111255792,-0.4628775767030193
-0.2986279808571232,-0.7789808566519494,-0.7789638533349231,0.6686267192281715,-0.21138386178390256
0.08055646642677147,-0.79673565080515,-0.796727339116987,-0.05245429555847934,-0.15525640283171266
0.34148248544343485,-0.7370977019737162,-0.7370885799976863,5.90737317245362,-0.9917383383640479
0.11455237369615229,-0.8622557411491858,-0.8622460477959414,-0.23513583117832604,-0.6059254870503111
0.15643293110348477,-0.871832838738404,-0.8718228855558291,-0.1949129429932902,0.08477198691586171
0.04584838612807796,-0.5710698088047825,-0.5710663852242798,0.9722356472044508,0.8485212719477782
0.01277261054407069,-0.8513553251696719,-0.8513452048830524,-0.21287416765827386,1.539951744390237
0.04175384497585865,-1.060099565192056,-1.0600848472052322,-0.0964040589577836,-0.47561236470145624
0.3137190822598802,-0.8486262916567145,-0.8486149340343483,-0.1863886548046255,1.44828875310354
0.07103727143347331,-0.8530900002901377,-0.8530802888504261,0.9023172275716485,-0.2916948480244248
-0.008891383298878511,-0.8585240200088348,-0.8585134252935429,-0.1900908440138999,1.2061483051225614
0.17896540196306848,-1.0699111352218544,-1.0698965551591704,-0.13829734906433808,-0.9064841924590433
0.08042604330894942,-0.785724267921939,-0.7857162482693502,0.10781276220505319,1.49442758391816
0.23633761235570835,-0.8671715122898012,-0.8671610368576743,7.512316962161414,-0.2781781602954249
0.144709208172639,-0.763248275346672,-0.7632408051624123,-0.17655228566203962,0.6143431071825408
-0.003092940125787736,-0.19392867999628005,-0.19393354583420613,0.48512863133123735,-0.37393048714708677
0.15727194135860098,-0.7309622800707546,-0.7309554452946272,-0.21811682133881205,0.47896475597454646
0.14689536105829118,-0.46479674244091024,-0.46479579473490357,0.5086594322035379,0.4725501613243512
0.08124286501570561,-0.7968812780734401,-0.7968730078951083,-0.0846181766942568,-0.4795992342424548
-0.036515951617197666,-0.17679472730912327,-0.17679979876309224,-0.046675497989819584,0.22968075554144313
0.2334876918155884,-0.3986855451038148,-0.3986859027762819,0.2813081707354091,0.10834475667555549
0.06731383195738506,-0.6833409990382284,-0.6833352335769668,-0.12921111834098664,-1.3375589338722085
-0.017892363360367928,-0.537103905366923,-0.5371007071178766,2.7079763942684485,-1.2372283444200018
0.1526523481652424,-0.43708215370131825,-0.437082096993144,0.06621109254641733,-0.6657305696737107
0.06708514013914015,-0.658324186790294,-0.6583190726301743,-0.08646812717600048,0.06998589901175599
0.35647461975961053,-0.6447306067449017,-0.6447235588312638,0.42777244579408324,-0.2016953086841893
0.25506831703508787,-0.5747743479796193,-0.5747704829767049,0.048532477265849,-0.9591712847580837
-0.13760528533766309,-0.7723588910005339,-0.7723477681947173,0.32797488530774593,-0.8059193903334196
0.10531587432417669,-0.7927409318337202,-0.7927327994048647,-0.12607975850193057,0.8240559535775095
0.32660183755517247,-0.8611284284640887,-0.861116387093308,-0.10278867490643866,0.703906657503504
0.08114079051248961,-0.8398003477570102,-0.839790979510413,-0.1926117173465311,0.31034859119202035
0.22747624678482442,-0.540320243902492,-0.540317421230255,0.7161622552347431,2.089873621256463
0.17827810577913594,-0.6819062211550747,-0.6819004879111177,0.634954498149939,-0.8441242529710934
0.15495379712843674,-0.2975572590595356,-0.29756006664238,0.3577714909099514,-0.005936778167636302
-0.23679933952537346,-0.39753539419398587,-0.39753174750812986,0.2989785341669364,-0.40082990751655245
0.07699291683002357,-0.6836464938796415,-0.6836408111182825,0.06483333396387327,0.5168889517695312
0.4157527577262434,-0.41710390163755756,-0.41710142762327795,1.031097401566731,-0.4502851770320836
0.02957252170344487,-0.56623670308153,-0.566233388026285,0.05636424515007288,1.3988929388287707
-0.1748905609121682,-0.4036246918391556,-0.40362225181562444,0.046970199943430505,-0.6678807455494508
0.12862427085954212,-0.8484897101166516,-0.8484803706533908,-0.19692056353764636,0.7048755953840825
0.12046095914864631,-0.7446683047873267,-0.7446612965879401,0.2056120509977028,1.0720233014366047
0.04776092000125907,-0.4544886425369417,-0.4544879262947728,0.015375908646097617,-0.7508285752407221
0.1840208621585271,-0.7967043490030175,-0.7966959484580681,0.043500398419009816,1.314114741021057
0.20922117513053043,-0.2609731098890847,-0.2609768285125206,0.5319518323808123,-0.0025456455076894088
0.1321836745291064,-0.31297601628849786,-0.3129785672096025,0.4927893163941439,-0.9655592683365143
0.16867285963562148,-0.4862724655537552,-0.4862711251795108,0.7385013449965975,1.3035938682373136
0.5500450331609726,-0.17703636468295278,-0.17703722140729736,1.6541333535347347,-0.8835308036058435
0.0620537713934381,-0.6240579830876273,-0.6240534592406919,1.1410838490514672,-0.6227457557012999
-0.2262521161576427,-0.045343637699209544,-0.04534915315910185,0.6133131404655531,-1.0308680430124124
0.013833916611929044,0.36156071338816437,0.3615432847212117,0.3093801282225581,-0.9702702682594265
0.0402715719828734,-0.5705765927122403,-0.5705731802066873,1.144853064970731,-0.7346850979146116
0.9563867197741145,1.2413133117086388,1.2412847263118754,-0.5782708856622677,-1.878080023039048
2.206372549538303,2.050995012331843,2.0509833532741237,-1.19049776731457,-2.014024173028679
-0.04428059971525851,-0.2530170784474996,-0.25302025924287674,0.8644251812940111,-2.366733411052519
1.8609185785011213,2.187188571259407,2.187159524490652,-1.2336378359716944,-1.7238632441062174
0.4857887615257131,-0.6483963657185272,-0.6483858322250152,0.5464201966469463,-0.3154708431102678
0.02194490302239416,-0.5046407571164191,-0.5046386460516694,0.12292084240536882,-0.41278233338481685
0.9914350655139089,1.8427738124366513,1.8427306467937181,-0.9937719884399305,-1.7772063446705373
1.5892649297802808,1.613353366290368,1.613332905874676,-0.5711611261708579,-1.479082166669871
0.22866697066410663,-0.37811887289696294,-0.3781197819446397,0.2006711763367913,0.396440125086069
0.1548992284816494,-0.42452659336040477,-0.42452681858180125,-0.1890704984586066,0.6313661915942973
-0.04446940241177532,-0.5801767972111871,-0.5801722735407301,0.8742562515639623,-0.3673672930748949
0.8191536153778293,0.852456084051033,0.8524346181980589,0.35737460160769446,-1.4826419551909389
0.2196898615004599,-0.37448598305461817,-0.37448697367723427,-0.0872600614271939,-0.10134564213019576
-0.058090083378023134,-0.1847593566706074,-0.1847639806033726,0.02636047206229245,-0.621962503863677
0.6014818838040257,0.9025108450999868,0.9024843146646261,-0.21757009014482498,-1.3157129583070128
0.17875419529539205,-0.32939661030903045,-0.3293989716322465,0.08508741849595018,-0.2522192737211165
0.7264443414027725,0.8645855995486155,0.8645620701396288,0.11566407095253473,-2.065610386047848
0.22217327605084053,-0.34298687657279503,-0.3429885744939569,1.4071061345969065,-1.492400792161727
1.6169696969294267,1.5581640349517014,1.5581455302653437,-0.7312997378417657,-1.7982779570646836
0.36766466476138254,0.8746594956970005,0.8746309038617726,-0.0644559125543717,-1.3818686565839138
0.21222314313426202,-0.46914818552648485,-0.4691470505510881,0.6678812759403819,0.8989130467103207
0.7778612090166044,0.6800593712785448,0.6800415973984244,0.2430664811281206,-1.5915179352556426
0.16778197095415595,-0.3906294732817377,-0.3906302805287087,0.9483158178624469,1.0375630423780695
-0.27671402475902457,0.7381510379531341,0.738127302548219,0.20272595797274362,-0.707833838084784
-0.06735818771103104,-0.3622301856085184,-0.36223055583311614,0.47171916682694354,-0.006584520980531522
0.8833919556295782,0.5788355229370543,0.5788228879027569,-0.046043115716207096,-1.2447232096599425
0.07836168252407057,-0.4581373847941004,-0.4581367657403422,0.9065345678697747,-0.02998610860926845
0.21938284297809904,-0.18036644653385298,-0.1803718855847145,0.7843359258554617,-1.1161218792223517
1.3297739292267734,1.4618929467187254,1.4618683642689825,-0.713493333862686,-1.9341684645791155
-0.020364452826426106,-0.12676629738986034,-0.1267724922101619,0.19498393156788024,-0.4979952958077585
0.11082467513179671,0.11140942850195693,0.11139725863317797,-0.3250812498737266,-0.5320770544525226
0.36213211487238395,-0.34229993859752733,-0.3423001294294512,1.2866129926807037,-0.8319271962221163
0.13791444096273703,-0.6980326946657274,-0.6980265993089191,-0.0655595811892557,-0.7749707957729867
-0.020756963425547153,-0.6090907062150307,-0.6090858915341155,0.1634795528420544,0.19864382585789037
0.1470737413945982,-0.5141574901430127,-0.5141555236228378,0.48955553001594687,0.0894517634730395
-0.18763604059296504,-0.45824620221782275,-0.45824208789408993,0.8727798591407625,-0.26246556144498207
0.44149011973767865,-0.26962082607421506,-0.26962148460805196,0.07641559455332703,-0.996347132754523
0.07632119263703441,-0.14031232019081108,-0.1403187481990714,-0.19400542695918166,-0.8629839779204832
0.08530558770751086,-0.5160613920306583,-0.5160593827592059,0.7275475119363648,0.630311732106266
0.054877709675059144,-1.1248109136955875,-1.1247948545935373,0.1712064601185817,-0.8631520869835405
0.1864478051607238,-0.49719764533381167,-0.49719605963947305,1.258349182112704,-0.9245621185146234
0.20068687266059979,-0.725901866840171,-0.7258949665740819,-0.07453602543660284,0.23117014677948056
0.11806606189074005,-0.3882989891807675,-0.38830002787704043,0.29260537637415607,-0.09391218899036015
-0.09492067323014781,-0.2525578062262255,-0.2525602808571214,0.6702600499683079,-0.9030506885752224
0.29571455757976317,-0.5301101244607065,-0.5301067250153081,1.5813157679926126,-1.1346933183683767
0.0421386157415365,-0.10473842660849833,-0.10474556385319732,0.28314798769953947,-0.27396441031341484
0.39076902673367825,-0.06101343627689086,-0.06101985371352975,-0.2077780620070604,-0.3923873042110596
-0.07717071674980044,-0.18446881862735204,-0.18447318040505725,1.3201936717233433,-1.984960721355862
0.24268374235124046,-0.5190557967588331,-0.5190533620107249,0.1906553934554995,0.643610087082307
0.022814164793512975,-0.7835388737192652,-0.7835304553404668,-0.16861126188093417,0.26558708567980494
-0.000840007454534512,-0.3791488320515365,-0.37914935973331637,0.26710377806181357,-0.4164516128789431
0.15767329455073464,-0.4714188424348242,-0.4714177460324823,0.9806265086506665,-0.8271188076259555
0.26343275349841044,0.1052581541841815,0.10524665979748206,0.23029514644260773,-0.436345622967172
0.026218050191948672,-0.16805046364845982,-0.16805600012997693,-0.023449671888963138,-1.2931112110098428
-0.09107935644975776,-0.41823246818597326,-0.4182311331057386,0.8365107972966033,-1.271166285396036
0.41911517936486814,-0.31329476625642194,-0.31329471279015475,0.6667186653806694,-1.1020590316049368
0.07496587035150604,-0.42075954014296857,-0.4207596708325748,0.43785756168834383,0.5435988488133501
-0.57918359721746,-0.3628548782261836,-0.3628404570805838,1.6223583632904603,-0.8151789361082312
0.6887278714492733,-0.18810412663466844,-0.18810070465284434,0.4948892170201066,-0.23868387280405876
-0.10983582979926225,4.030890012081232e-06,-4.2940248721964315e-06,-0.1280860371775152,-1.087966012123581
0.5108128073564914,-0.0465383007568492,-0.046542983354218435,0.05713075002618292,-0.681105840849879
-0.00829528789589587,-0.19152896472778938,-0.19153388445026365,0.19688150114628722,-1.6290107479644054
-0.151522562466062,-0.1710652884363949,-0.17106905558791446,0.348813468512124,0.18219444174147992
0.36525800227703503,-0.11216586509962316,-0.1121714921696479,0.10337410020773193,-0.442409813167229
0.14124414782822786,0.006896517552417983,0.006886515355657804,0.2783609245833192,-0.5128552174245767
-0.15782150461025057,0.29793252366858164,0.2979175984604253,-0.12253666603354564,-0.8366682950087011
0.005096819221735389,0.0677642376144125,0.0677534060177667,-0.04468746917247225,-0.6220232340334239
0.6336283408178509,-0.3593995891667535,-0.3593928581787824,1.0836178133414878,0.15491507539547367
0.14234445183420877,-0.580936996628928,-0.5809335306043829,0.37905187738526874,0.08925185776241804
-0.011789373897997547,-0.5692929949206448,-0.569289073879787,0.5763999322673222,0.42370568322617
0.06625431082129492,-0.3046254657098783,-0.30462820413891384,0.44833046089467876,-2.1739950202085456
0.03317002090758871,-0.4492028025940049,-0.4492020259237319,0.48940080716207535,0.09506021345177107
0.11233395034689042,-0.6255671867149071,-0.6255628976584335,2.1197114078308554,0.16961582776541637
0.25613096693088666,-0.32067178152980547,-0.3206738014072771,0.38712512634550517,-0.5827521710814987
0.017255733393875275,-0.8913078885839063,-0.8912968264002661,5.9435020236070795,-0.911149448455605
0.011261881225079595,-0.6314715395205817,-0.6314665805265423,3.171470651430818,-0.48706711721085744
0.16906647812342626,-0.27463457767701327,-0.2746380790978689,0.4860474358847072,-0.3308771734396762
0.4482043149736902,-0.2003864343337903,-0.2003887370550177,2.615378067774702,0.08201763907772294
-0.09308432722042938,-0.6105743847676102,-0.6105683724958383,1.8045363552613152,-0.6387407941758011
-0.10391884253701372,-0.38131783646940265,-0.3813171511716357,0.3476813684340064,-1.9607732295885587
0.5199454620396863,-0.27441864450121534,-0.2744174936687187,2.5064252259914728,-0.1624859245479725
0.07571076135964903,-0.45027584090973927,-0.4502753088238277,0.1792098675851914,-0.7855717725185811
-0.203527370191177,-0.39905328530283035,-0.3990505001299443,0.7676215409466172,-1.420955266940802
0.09540608317366119,-0.29394004250867345,-0.29394311043382954,0.5938637904264795,-1.0690298466397208
0.4617752537896848,-0.18493489753521297,-0.18493736809457634,0.19023794399977845,-0.36337934412807993
0.022670744500114356,-0.5752254700893226,-0.5752217740759691,2.9190518651382416,-0.9018067579775438
0.24689211906571173,-0.30742158091038135,-0.3074239878749194,0.7993065102385265,0.09682918852953305
0.0737340212339551,-0.05546007563876175,-0.05546849852641037,0.28269976578798006,-0.8185816784303798
-0.1721690528770739,-0.31591444497566323,-0.3159143326856656,1.2146478235990965,-1.875457531219201
0.26889841973724393,-0.5203666212967755,-0.5203638884357167,2.9460593314750305,0.8240968590214512
0.14338346548914302,-0.6501673580944,-0.6501624270922716,0.5592328598704644,-0.6659413356241692
0.1383561307918194,-0.04239356599551418,-0.04240237184552939,2.6222090469627686,-2.2849867194448628
0.08675614995148184,-0.32443749132225747,-0.3244397848809944,0.9868768368725933,0.13626360927884135
0.2642624595402291,-0.12183010618948478,-0.12183650140943757,0.587691226469754,-0.49169626991973125
0.0345660119402152,-0.4230230321180587,-0.42302302242229617,0.40646147023869966,-0.7657869835788865
0.4063215270427867,-0.7906694600697088,-0.7906573439703838,0.07083191712112288,-0.2990434210564211
-0.2050817995638036,-0.21473842256361123,-0.21474013433830813,0.5198733168346942,-0.3500120503900266
0.1847524174695513,-1.1241200797878657,-1.1241041257578406,-0.22557178958112578,-1.0150448675737234
0.25766254097029734,-0.43905528675648425,-0.43905446926524094,0.7135818395507905,-0.44234951850214205
0.06142844003907959,-0.5058007598094657,-0.5057989809359853,0.9842401078393909,0.1283295366090365
-0.05010985860692231,-0.20195734594867895,-0.20196167326783332,0.8072046876563576,-1.2167218233556527
0.11887470650706099,-0.42464418782735736,-0.4246443208485674,0.2742941837076414,-0.6440641454019644
0.09795190622200074,-0.29095047411044184,-0.2909535196053834,0.12588157260990865,-0.8655334383015562
0.24059797777248593,0.09362015310749457,0.09360874092766816,0.49643194398359686,-1.0034166367673965
-0.08673641229312906,-0.43010825548486825,-0.43010674329872123,2.7699478948528817,-0.3415471331917493
0.17462424273820798,-0.8340430999871083,-0.8340339057967984,0.2920985205528526,-0.37373325965507825
0.22272196817968004,-0.47753715805965324,-0.4775359242732321,0.0036940233659290863,0.2836026654037837
0.28057866444864665,-0.25436641450165653,-0.2543697441175967,0.721400791925399,-0.7031310345800227
-0.12235655169246423,-0.5605498059999687,-0.5605445587694353,1.4078101820382092,0.5996324555316417
-0.10967672467440619,-0.15096299346575728,-0.1509677493633731,0.2464011068422552,-0.3791722631982579
0.3748927151820678,-0.10394876140277011,-0.1039544834245803,1.2416922341653354,-1.3451887803864169
0.3477103996131229,-0.4428581646401665,-0.44285627660077725,-0.12729933004127048,-0.09315556052254313
-0.1283787473467517,-0.44158692635842595,-0.4415845295062044,0.34808708063994553,0.4435689432191851
0.24881641912704305,-0.520425373749419,-0.5204228186884089,1.7064129320042503,0.6235431779759841
-0.08922083214990788,-0.4235224279655284,-0.42352106366123415,1.0754600593451518,0.03163124536624644
0.33416030551754783,0.06140285162910407,0.061392879351811744,0.2295241660086822,-0.22960782027978752
0.239711348820427,0.4555723399210031,0.45555280026443334,0.975055741634751,-1.4807402111989485
-0.7244790127297268,0.3219543953731979,0.32195182735476036,1.8679809903809517,-2.0146181238112817
1.2760288540605669,-0.15667693817033426,-0.15664708529684068,0.9676085480346399,-0.3447190657273584
-0.23724528523702676,-0.36417824139731214,-0.36417552285092164,1.6004046649583092,-0.5097470713960349
0.36988635086846355,-0.42790315771575915,-0.4279011576861829,0.5417854211242379,-0.6036476719573546
0.051111913973275816,-0.36013462175645655,-0.3601360241922166,0.03180233572108977,-1.275036388809559
0.24080907159964826,-0.4956129412224183,-0.495610943313639,1.7863170830932045,0.34412308085477555
0.03059808810302479,-0.6358405366926169,-0.6358355691543272,0.8402672624940245,-0.440650102349354
0.06329491959517228,-0.5826741346951981,-0.5826705401043293,1.3019654136733552,-2.0753066182048983
0.04511380463963067,-0.36818531987859676,-0.3681865415394806,0.7128828986299633,-0.11606519665080059
0.11745025081361796,-0.6157302707337395,-0.6157261130012219,0.14833734075535757,-1.3952054975423795
-0.1493056977264009,-0.07033187977581264,-0.07033808797091196,0.23181667746205623,-0.5839680013200796
0.544089269794794,-0.3144147348849386,-0.3144119694806333,2.111413087609886,-1.38099057660073
-0.25093004935704477,-0.4790239712705293,-0.4790177783173731,0.4270399302640178,-0.7234339553112091
0.2930693502486456,-0.49039848192697666,-0.4903960637486541,0.18704820687121834,1.9619702120341223
0.2335181587543906,-0.4037534815143101,-0.4037537253885,1.2333351297162483,-1.4134250416356546
0.1656204673094379,-0.27687881389399616,-0.2768821753618626,0.019944202816852913,-0.7877238971463066
0.03695687675259122,-0.25182689347314074,-0.2518306383515239,0.6016373417559956,-0.22005198470101991
0.1272684994559449,-0.44389331837134566,-0.4438930191618177,0.6443522303588557,-0.5439813087030168
0.1961748472518473,-0.5976616525042238,-0.5976578109349061,1.2304972012039281,0.39076575416422493
-0.07620094485531995,-0.3222268407298802,-0.32222810921194683,0.6932827474152958,0.42322340549437115
0.47388933950304835,-0.3913926282344438,-0.39138947772030686,1.1137564186686235,-0.14003665275673766
0.17180525075717515,-0.07239117115330035,-0.07239921386066536,0.12288576510675349,0.019692098473576926
-0.15494503577463561,0.1540948765807701,0.15408353942216862,0.2834466438596372,-0.2699590473120193
0.04842166276058232,-0.2100979639830967,-0.21010282498549931,1.1580781624720144,-0.9887957720388836
0.25593712744415037,-0.5796411288891432,-0.579637244164464,0.27408235862857955,-0.14384430515260987
-0.3249414860170056,-0.46244261406021764,-0.462434733562071,0.817382199204814,-0.1250742409603779
0.4323423444255967,-0.3299905832753897,-0.3299898862329501,0.8751527734097172,0.6424244016425231
0.3170792676046804,-0.05347628474538756,-0.05348385658164042,0.46618618019692826,0.32890782048958
-0.005488954568897331,-0.0017675884175199642,-0.0017769482673284979,0.7048726828860219,-0.10184120370826169
-0.016378597605725163,-0.46085889512714606,-0.46085749848583707,0.9323951729497768,-0.9367382652232759
0.21886171470938126,-0.34726281917425617,-0.34726433152135794,1.1016507298661902,-0.7461325776196285
1.057527108698088,1.5995608697856445,1.5995253148137971,-0.9086177373517785,-1.7220892401472436
2.395891598671425,1.6758344501967528,1.675846261225984,-0.9663423558360642,-2.107009826199513
1.442118519507922,2.6332834055482963,2.6332300123720263,-1.4638354982531154,-1.7212872289835321
1.9333758114694837,2.1547034804008276,2.154678387218026,-1.1454808520004252,-1.8565785941540034
0.8568136240413732,0.6186496240162478,0.6186353784966312,0.3590889207780427,-1.122510325001927
0.07857132481189268,-0.11183995019844985,-0.1118471071008773,-0.014555344985604618,-0.08946039220296255
0.39350813788896943,-0.32758012060702524,-0.3275801941676983,0.18937894255266655,0.10169008018371581
1.3197368680814372,1.4706210892795781,1.4705961317239338,-0.6366027949229868,-1.582007566954162
-0.20032561292814838,-0.25835352073150897,-0.2583543427080642,0.7266385833613196,-0.3439675340380105
0.9375238070451447,0.7763816887842527,0.7763653344151503,0.04492341836311544,-1.185001934364412
0.7214688543571126,1.702282726546213,1.7022394914210968,-0.8775146206731671,-1.9857176664804377
1.0205293712699217,1.236162441195784,1.2361355835333283,-0.5870403620736502,-1.3027320236280568
1.0573662596743778,0.9562175726260613,0.9561993295531994,-0.18892384091933992,-1.9384262335864697
1.2914393394535884,1.1323706807777776,1.1323545723210602,-0.38546851285327727,-1.8685056579043362
-0.07878072520472687,0.9021970210236715,0.9021679899647648,-0.0990568302709029,-0.8082453921041063
0.9693300601672404,1.507025577748805,1.50699102590028,-0.7787054950706082,-1.6326135001871875
0.7655041879346502,1.0704450583215377,1.0704174437871101,-0.5006275484221584,-1.4031502339128563
1.0301472401636704,0.8818339224827627,0.8818169914233454,-0.36494707805717286,-1.6788972030600728
0.6335627702209405,2.0098339038017987,2.00978161331891,-1.1070391648788924,-1.4464730921814617
0.033801517457307535,0.568304683170701,0.5682822539204575,0.1757794883976207,-0.8817579577840031
-0.0011043312296580507,-0.17556701599687166,-0.1755722045782113,0.08766324629061241,0.5767208494369621
0.609856168166759,1.220331521181661,1.2202974959845514,-0.237747607743881,-1.5640046986820149
0.21461266411869762,-0.02365377264387889,-0.023662641049071863,0.2714230033972416,-0.1586602319017236
0.32555609322002893,0.36039157540522504,0.3603745312293684,0.6090547210025298,-1.2541908349961721
1.673447564182136,1.6417565946768744,1.641737645910923,-0.7937257338728354,-1.7975046511333699
0.33219971184359626,0.9124958960760816,0.912466454641168,-0.26599103821018893,-1.731291469734653
0.7723220528284177,1.241192940830052,1.2411613131079091,-0.38319631470109283,-1.484626395902022
0.7020831412681708,1.6138667337576738,1.6138244092588319,-0.8396419065217187,-1.61990100077462
1.678489360417162,1.3246058398540013,1.324597415835267,-0.5452789957263557,-1.8702790267620601
1.1279895675749603,1.9150765868410489,1.9150346635801456,-1.0771421194085251,-1.7807484220188925
2.9646371692128515,2.081061579972153,2.081087219076444,-1.1696111706356545,-1.985194514375931
0.7588944419817647,1.8438800781303288,1.8438340217377418,-1.034179594363862,-1.8400841020330028
1.8401007756732752,1.813004947772846,1.8129868108026783,-0.9948891565074062,-1.903024646522557
2.003286213518551,2.0116337350339997,2.0116154368054224,-1.1470539374682505,-1.8034049146218896
1.2330156093431295,2.2018387102740604,2.2017921390892212,-1.2423334810088724,-1.8223119569218122
1.568190425041126,2.3084045537228284,2.3083631126599493,-1.2421564377252676,-1.7455546848845442
0.5770978283362082,0.13040599514891069,0.1303980558226411,0.12356091324088136,-0.28391147041265763
1.2652101979653252,1.3762796966939446,1.376255424578196,-0.47442630651807316,-1.8580911184258588
0.35982551114934175,-0.3373349085408237,-0.3373353004199626,0.07628121174189992,0.0821034171004346
0.508037423105037,0.5556324239794911,0.5556127869495668,0.3500066243207377,-1.331193641948064
-0.1847212470154763,-0.09912989598435033,-0.09913474105545847,0.20787083334911344,0.09829127695115626
0.8418881476943344,0.7342855564651869,0.7342679979144633,0.4842667743959065,-2.0477255661840323
0.6054177609352167,0.5144268928633017,0.5144097931591899,0.3880630280556557,-1.1811383675014326
0.40196333915852833,0.8410672435280873,0.8410397642306866,-0.047348758821400716,-1.2518305510690797
0.6198522374307976,0.8521101968984275,0.852085156426015,-0.06406045073243936,-2.023832901732258
1.0812287047367357,1.5094080971774975,1.5093756412622585,-0.738121389855177,-1.7829000976785663
2.2553837394577285,2.27001806559354,2.2700007719925064,-1.274772577075285,-1.6790284408595955
0.4968671970008292,0.8102091298870713,0.8101835973301685,-0.1884365216197969,-1.7491985722553225
0.7525186246728004,2.1203254141778074,2.12027207561125,-1.1551652449956746,-1.6179795054262365
1.5008653427848841,1.7177528921712384,1.7177257886468116,-0.9382634650907153,-1.741043217423864
1.9286844363218258,1.9462576598482728,1.9462390384175439,-1.1056162164845518,-1.6551204511800701
0.8580671795705421,1.8538454255399883,1.853799861857156,-1.0306304381178644,-1.4688912701635228
2.398949371438485,2.3530195183256533,2.3530057345428728,-1.3216377670441763,-1.695466535209711
0.5264658383054185,1.9409835524835315,1.940931733289066,-0.9997912119555069,-1.5435449016635956
0.8168952458454429,0.18801546181582832,0.18801196071228005,0.5954039271363554,-1.0270980363861362
-0.3787865583951463,-0.2345767793056812,-0.23457374675540735,0.04671714490116573,0.4461085204306913
2.354678139637144,1.1365129078124754,1.1365465015118048,-0.23649509027350527,-2.5364176759314736
-0.08893657663670598,0.3897386046239832,0.38972125971214494,0.8608266154470926,-1.2132592907857105
0.5254167087548526,0.4398223836525963,0.4398058844439856,0.8070122135821031,-1.2509357133646015
1.1073738928825214,1.7969447498947484,1.7969054792321508,-0.9387030305832629,-1.79798021685433
2.094099930988682,1.240706441862431,1.2407203213689177,-0.5380935165531822,-1.6083167106044505
0.4811881101513775,1.398172508483559,1.3981330569910302,-0.6270472087177297,-1.5185355670473248
0.6728541654877153,0.9204916033355341,0.9204655647467219,-0.14392767389636918,-1.615927153015019
0.42688654660263115,0.6391343472990618,0.6391119396737261,0.08755689990409224,-0.9831100183703736
1.4242861894522947,1.6036767656906517,1.6036507907408677,-0.8417741578379083,-2.0977032809123592
1.5629505218962858,2.1588749045385156,2.1588371793365884,-1.2191917804292067,-1.6259484094799916
1.1318079264398488,1.7477707382654535,1.7477332882608387,-0.9744393902181945,-1.6504510026006354
1.116618854651914,2.1238999993758365,2.123852312361436,-1.203492221594722,-1.582736438630477
0.738112132624712,1.4268900983163744,1.4268532261305933,-0.7454335069197224,-1.5076558747187858
1.8506616630014385,1.646834024623925,1.6468217683802688,-0.8314199677023284,-1.8271146463864136
0.11078669147602233,0.2570576542218431,0.2570422138863827,0.21129655021608734,-0.4222704779042945
0.3600327889154824,0.28062258230849124,0.2806078666681258,0.08305223710452211,-1.0561436328991727
0.8904519967830234,1.3302061308049127,1.3301741164046232,-0.2897086271773032,-1.897152848241825
-0.22854885146481696,0.561472740194251,0.5614526137839834,0.8646269682719616,-1.3882774642950526
1.0880788215010735,0.6224633388614694,0.6224556351210043,-0.0005834418452968953,-1.275954566567014
0.8630709793270082,1.4060062882515796,1.405971855314944,-0.5236220842650314,-1.6564122520673241
0.8004346050790001,0.36436829248186614,0.36435939849879956,0.7290130766423581,-1.0189703368540575
0.34815478607403616,0.6795452873179142,0.6795212558055042,0.18343090759963765,-1.9541622081105254
0.6215082027496411,0.7256555734898483,0.7256337307388594,0.1754735358237711,-1.4216199615304028
0.8714467819075673,1.2431333838772685,1.2431033246571146,-0.3297976453214079,-1.792072187410187
1.0072723752805612,1.3085649872956766,1.3085357873887398,-0.3487836838161564,-1.8697391432004418
1.1628974166164938,0.9440534863255514,0.9440389196587561,-0.06714078908474448,-1.9154343589855236
0.8270969310425966,1.1794038103522095,1.1793746447935987,-0.48137005289331025,-2.1149014329792264
0.6487666959238202,1.5220294853426382,1.5219888647700934,-0.8410598177627974,-1.5981681609264327
0.8267327228960532,1.4845549140926422,1.484517642665397,-0.8056708807795704,-1.5680608538621112
2.247487529578476,2.3600612147229736,2.360041182765497,-1.3068475656069196,-1.815594766398598
2.3160896381908165,1.878446582097803,1.878446320549977,-1.0626979548402178,-1.6040052931750834
1.3794349984414846,2.1802604390540865,2.180217218308757,-1.2279875277953611,-1.8281758725969266
0.9546214017388966,2.28399649211608,2.2839419860579695,-1.2956609934805423,-1.7161353216404511
2.4068249007289744,2.092186213581534,2.092182943797628,-1.1729272697159028,-1.9349960189085407
1.2463410482333952,2.320870104589799,2.3208205023688717,-1.2711020104406958,-1.580944750349713
0.020802249202111014,-0.3542815877851794,-0.35428303208858164,1.5227688618317625,-0.6408872383316666
0.1431904081923339,-0.32046462539723775,-0.3204670977245817,-0.12337931687247196,0.12233549921491883
0.06850399676321113,0.1447793886168136,0.14476646944029553,0.16484007686974636,-0.33759215151645794
1.5832201249902627,2.094967640668876,2.0949324251922326,-1.0894184665419955,-1.7281817555434036
2.083378687031779,1.9971870801236236,1.9971723304358755,-1.1144877932073007,-1.9821971432749361
2.370471215922276,2.1814598488800034,2.1814517085870384,-1.2098587700488725,-1.6036885554611826
-0.47792548486261316,0.68230539872884,0.6822866788186182,0.4162552247777722,-1.895451792465773
0.7243663935941753,0.3618564460080254,0.3618458172342728,0.11033216887269294,-0.6052043407822912
-0.06516967671509026,0.2670118959849664,0.26699676948932405,0.5152301104788601,-1.028685958925966
-0.641516697196529,0.6325666112361762,0.6325527696939851,0.09937273850884433,-1.287582833525754
2.642017850802852,1.9198308782985603,1.9198454499838127,-1.0669192527763383,-1.8716275175873145
1.570503532481071,2.146813097660138,2.1467760015393837,-1.1707291959365547,-1.8514591655628512
0.7468057761587553,1.026370150562372,1.0263429883526352,-0.0029833520664274285,-1.429472442609239
-0.11468310950446756,0.12615629411547477,0.1261450469474951,0.19963601448161328,-0.7234458847156495
0.9371828235280452,0.76464964795867,0.7646333779080617,0.5814276986709983,-1.6268881676405496
0.5923993303090833,1.0492445582071277,1.0492143746923268,-0.3819954671915762,-1.6879882050872919
1.219824266016508,1.7313132448386874,1.7312779555729212,-0.9115612828957922,-1.5529350466417393
0.7259190380350337,0.9279682111810816,0.9279432585435009,-0.35672608134648387,-1.491387893789238
0.45224899087691367,1.508574278070621,1.5085321684357313,-0.7083341664126953,-1.6386698042251615
2.6104833997044947,1.930997068520787,1.9310095982810709,-1.0814145671745625,-1.895862556449058
0.9048625921225331,2.006116378185448,2.0060677535641394,-1.1244161069358867,-1.7068583416103633
1.3686787944416734,1.9946234670070573,1.9945847728966926,-1.1359573753924619,-1.6571320304255726
2.237594986356994,1.6269312730442778,1.626937375639041,-0.8758293903168417,-1.8794672143341515
0.7881484888728038,1.78816770666447,1.7881229012686164,-0.9907761386733697,-1.791608720022339
1.814813175434515,1.4528352172284091,1.4528278545003517,-0.7236764216289914,-1.428575604109249
1.3146703700320557,1.9402491468254879,1.940211315427887,-1.1027240917290364,-1.8177127418326116
0.8904686561461934,1.8097810860573653,1.8097372282970812,-1.0116861669636519,-1.6301424545608458
2.7959024400495784,2.2663403053567217,2.266348529280064,-1.284480950170229,-1.880977027057504
0.8366414330857348,2.482575124844489,2.482514368597658,-1.3926261301829803,-1.6093743847537199
0.5601306362438212,2.337585177366874,2.337524810896431,-1.2945041238506274,-1.3297032082877431
0.5951150116703595,1.4849690472344463,1.4849289005990784,-0.6833103342333854,-1.3469482398995203
2.9424912130177994,2.202650855457858,2.2026694654651675,-1.228229319789006,-2.0836012763160467
1.0020983709959448,1.5746770566111488,1.5746413439171165,-0.7535622212142085,-1.4158082197509574
1.17823478135639,1.8612360541865454,1.861196056368297,-1.0620046908175715,-1.8719613901336452
1.7443439050938834,1.483241940074725,1.4832312077874783,-0.7536404668448549,-2.2626102948179136
2.176927822694922,1.6732511335137512,1.6732522553916735,-0.9054911051202612,-2.1838158680915756
2.045874767573897,1.8213384816349987,1.8213280387886033,-0.9434609380555562,-2.1228072427339475
0.5370588954383239,0.9903162064523624,0.9902868087897869,-0.12581387401620778,-1.4479593553780294
1.67670656236049,1.7509039635753316,1.7508818474761065,-0.9766885396384689,-1.985345537239456
1.285012518232259,1.6816753037815062,1.6816432785455266,-0.9393672232408171,-1.7004134034303602
1.3491875857302933,1.5271198121695373,1.5270941233179123,-0.8716459558860562,-1.8162554582688215
1.495561920688844,2.2149071902739514,2.2148660574600476,-1.2481597373969728,-1.6729848543240693
0.562913652617319,1.4681833998648666,1.4681430927858812,-0.7805749169891596,-1.7043771652939539
1.2306734505999228,1.7411467574765616,1.7411119638808419,-0.7613902147278788,-1.5492523590449314
-0.18060720497077784,0.24710215859540122,0.247088912118605,1.0841844257827165,-1.5339613761942434
0.6707695293141015,0.9181520735063369,0.9181260874506352,0.23461359008778462,-1.5182295509754962
2.0972829362099157,1.768266746318135,1.7682607193217166,-0.9197014233133808,-1.6484642667137492
1.8477136943128096,1.8952211238208465,1.8952007824840826,-0.9917472804003379,-1.932656478572046
1.178193338113036,0.9786352157761802,0.9786200517112088,-0.16427096140315703,-2.1186744434222713
0.07860583349274476,-0.355605398764636,-0.355606902902101,0.34501885564053036,0.7215379272546423
0.014354265255276794,-1.1074661776284058,-1.1074498139074325,0.24582515521958295,3.6889115299828528
0.1149564158264454,-1.1151242821893221,-1.1151089107844971,0.24603070402898924,4.234171070991661
0.25508042174478035,-1.114338557696881,-1.1143216366411985,0.1929789327578046,3.9920656558033154
0.08467106241581178,-1.1004332134934827,-1.100418037630645,0.18724587238234747,3.483008971855736
0.10456033912163146,-1.0648676939269048,-1.0648534510116074,0.05145851582927746,2.748862310971683
0.0790910015412702,-1.0545290534949616,-1.0545148636099668,-0.03833275286403868,2.5366703689054044
0.46613914524901856,-0.2134263441623502,-0.213428085399189,5.3019138008710796,-1.9630461586864574
0.5094309419045823,0.153817772787357,0.1538080539247809,1.1723771648237182,-0.9546029344036046
-0.19217573757323908,-0.12547365387003778,-0.12547772828437043,0.07969862225224637,0.9732930136388603
0.3373916475117231,0.2859128107730432,0.2858977972236214,1.3618276282855772,-0.9880814525430929
0.22986732702000007,-0.772936608524584,-0.7729284282149752,-0.3162516253166455,-0.24898063585755045
0.11212576729207997,-0.7247370278171811,-0.724730511945657,0.8963798159073891,0.12883824273558428
0.07633363073915485,-0.6957811143921641,-0.6957749800339433,0.7889566890971308,0.08330557819640465
0.10803559614522422,-0.6655601424403339,-0.6655548658000208,0.6325120269285581,0.6625748853248511
0.11429836264642088,-0.6485191547620855,-0.6485143503292907,0.6161832537674309,0.9637881594265404
0.2518875173329929,-0.6987228568609573,-0.6987162086489339,-0.0640851478299484,-0.746188071755777
0.17596511630881956,-0.5571435071716301,-0.557140664979053,0.37499316578592823,-0.7592639412832027
0.053177951978523076,-0.3835865230210984,-0.38358739885475723,0.012776448919376363,-0.2792855247755126
0.11819872579036163,-0.33821001557554875,-0.3382120894379815,-0.12563531919450124,0.6479846907605926
0.047627916938955954,-0.2475497865700266,-0.2475536274889592,-0.10094970709633226,1.1971904531941473
0.7493547407895892,0.5293960505308761,0.5293814806098756,0.7550823857039575,-1.6484291898831476
0.1410972538421855,-0.03441084517757582,-0.03441965115675773,2.054434076200207,-1.5328801263602196
0.07253467018445986,-0.6003963284021148,-0.6003923358672013,0.6822968158046852,0.7681925834619824
0.20677025351909123,-0.7816359122291087,-0.7816277156997805,-0.176823778046204,0.8987735527068693
0.09296670206934404,-0.8237504494704584,-0.8237415311769043,-0.2462784596591446,0.8870688358620576
0.24678399733676376,-0.8300935648759814,-0.8300837428935043,-0.2420422098414437,0.47633458099837844
0.09229184142297481,-0.8467360479230753,-0.8467267030576986,-0.3556470611369067,0.509805095200449
-0.029917038353664074,-0.8428587890760998,-0.8428481878780424,-0.13147952244422914,1.3552826569585852
0.29438881489626717,-0.7700387512719422,-0.7700297404358947,2.2589800200095294,2.343930415704261
0.45468523809240785,1.732985898505715,1.7329380333296116,-0.5191523626632781,-0.9467102571288575
0.32911124645670625,3.1290824565269224,3.129002884379633,-1.6378580183647269,-0.9993125803584184
1.291272827887717,2.36895146389859,2.3689014985091785,-1.2451402373862088,-1.3729292739311432
1.3548308424218352,0.5351249520336109,0.535130493954581,1.400554137417068,-3.4644687272163215
0.8033250866548184,0.9055797651339533,0.9055569272928377,0.8077638826730196,-2.8419000310208973
0.6579742767083658,0.8401836281351288,0.8401593928264859,1.1880558645599482,-3.00004341882569
0.09795325261449832,-0.6915836278097818,-0.6915777668235804,3.9788385141321654,2.6364913609136043
0.8543542752951777,0.6286593940120524,0.6286445654888465,0.4545101886684051,-1.3478755605449315
0.7563206934707469,0.9060838181880351,0.9060597151934666,-0.3891305250013696,-1.282669400831928
0.16844259830840796,0.6486173155777185,0.64859308294273,-0.14135927836390538,-0.8027376272410519
0.49489630406541046,0.5639976626712715,0.5639780169229104,0.11190780812690847,-0.7989556335127741
0.6116411820007985,0.526958540239496,0.5269411591427685,0.017341015157169168,-0.7576783895934515
0.22918395460848903,0.45978657453485544,0.45976694024950576,0.02207067576710802,-0.7223877305434899
0.04072883764973486,0.2314906646620353,0.23147597754136018,-0.08352348674894564,-0.4070683355907595
0.4527925333750196,0.7545832749901966,0.7545584541294087,-0.4104306476182357,-0.8444053698340286
0.36290782159909996,0.6463402997911205,0.6463170138820629,-0.24003062287344146,-0.49645512315559565
0.16897381554490756,0.12903319393836263,0.1290206283357024,-0.13385820689891564,0.6241244841321022
-0.0068311719674493225,0.045509238449050644,0.045499085697906325,-0.11336700446859961,-0.026985305676405866
0.14427054323870114,0.1242776486175327,0.12426518979854559,-0.12632716776997668,0.32348272595660055
0.17527893827179927,0.0008264756653554295,0.0008168784476727351,0.5414815337808361,0.6504648320814993
-3.042253536336926,1.220451533813585,1.2205488003752114,-0.006771133961439653,2.2817320415494677
-3.573164298000267,2.614770292772333,2.6148229956922124,-1.4001782243550047,1.1759631470783032
0.04099192530831777,2.1228159449752315,2.1227586098601035,-1.0005133831933752,1.0065517461102578
0.8813325957311189,0.24179545078437603,0.24179217502936384,3.8660789721354822,2.4790780005740434
0.026099844624333172,-0.9122719906819251,-0.9122605025384442,0.42598916456816777,-0.5251204704644221
-0.023259417248122027,-0.9551979118329148,-0.9551846537699127,-0.2645138616514385,0.01801953891246658
0.2030212659247919,-0.9720843160763114,-0.9720717087725759,-0.24511065135217977,-0.20410852200612822
0.2410677943819819,-0.9767257150543149,-0.976712510951912,-0.31021386034693027,0.20605505984267716
0.15722667436055401,-0.9737727773773198,-0.9737604456187212,-0.31499252307926473,0.2929984619870159
0.05397819638793772,-0.9663374126787881,-0.9663250687587159,-0.3049164803302147,0.10093433805274261
0.006564525530175465,-0.9589494708821995,-0.9589366659375207,-0.30026221693618055,-0.13900672927094257
0.15010428112940688,-0.9585704906941493,-0.9585585898558489,-0.2647120368474659,0.04782429170613256
0.11426172281858692,-0.9473223067670521,-0.9473107032815888,-0.26149593982969144,0.3408314214666621
-0.07199558406004325,-0.9359634694020873,-0.9359496133039809,-0.22113630064160167,0.38440518058424955
0.1490712057065262,-0.44536463741407034,-0.4453643051667221,3.1403745784032933,0.8358979407716506
0.08913009381585979,-0.14293244671838046,-0.1429389950121641,0.7110905118156964,0.979862253771496
0.13682713541461125,0.2472404418071109,0.24722540103213522,0.1061919838902438,0.44968870109390247
0.38697881644793897,0.6901984683194976,0.6901745558332242,-0.4679776449832026,-0.6171456519332137
0.16447590545864393,0.5263740608096918,0.5263527522123922,-0.20309009056037836,-0.8867051409081508
0.5199782883710556,0.6025111492424027,0.6024906386906841,-0.1582970127366387,-1.0032258503706661
0.6465994604938983,0.7387922994789381,0.7387703408678692,-0.4344342565628056,-0.5941051893621392
0.03875008691124455,0.3052446962960598,0.305228353061128,-0.12739286379629625,0.8268956344883482
0.23810672593549084,0.4334932398669093,0.4334740168674858,0.097539251693121,-0.3021442434972565
0.15625096808085565,0.5815449424452419,0.5815225741294331,-0.20383569033993934,-0.5779295350962077
0.03613725454944007,0.24146675947156868,0.24145184834208377,0.0025306909341096463,0.010546822858032535
0.4867515988576918,0.2453741558190237,0.24536148550169512,0.27143617885168847,-0.29958941179147547
0.23283366819596732,0.06024589403268837,0.0602352312571323,0.8151316459574152,0.03489667570467817
-0.22825616368774454,-0.4844973533412642,-0.48449166440330893,0.3758456008143118,1.473257364336483
0.029861485743552563,-0.630358556701983,-0.6303536226994819,0.2225335136704214,0.690076660163153
-0.939830333004856,0.43235921005689104,0.43236114860008007,2.630636381312985,1.9528518176710417
-0.4342743424608401,0.931324086791679,0.9312978049642275,0.9383604492856631,1.0598566264876121
0.6993263038939402,0.1503309580216304,0.15032507895943326,4.694573709475992,1.13836886084489
0.06934659226920659,-0.9188567882421104,-0.9188456895978312,0.617476393092687,0.5727638975350288
0.04321191367857324,-0.961292448835523,-0.9612800838584074,-0.30103669895451424,0.10115845318777697
0.15774926186228344,-0.9794749895037013,-0.9794626192640984,-0.3109809168819243,-0.004885329111056248
0.14683776879863783,-0.9809745652519275,-0.980962250899667,-0.3238018739960745,-0.05066972880015392
0.03137838025790397,-0.9792374271856572,-0.979224480142657,-0.29135230560720676,0.08703348325926231
0.24869248946789502,-0.9869737638614885,-0.9869601953041869,-0.29490347267478284,0.14974680851314434
0.2120947408874649,-0.945893887762157,-0.9458818685529399,0.2544332723621735,0.9040778620619733
0.1423293247939289,-0.06972232307963636,-0.06973042571480798,1.4722074992191188,0.454214243323728
-0.0549619391630904,0.4735022271304811,0.4734826431048189,-0.3095100339975463,0.06867457634521794
0.2718153367680431,0.4152335866046365,0.41521513185629316,-0.2659263584413621,-0.17625448061227098
0.626538304604117,0.23692849075152095,0.23691887598682268,-0.13987047341285486,-0.13462859958664686
0.17731606858898435,0.6358160875880228,0.6357923215182729,-0.21293816137557892,-1.0040180215040322
0.08983565477573083,0.6813678672131812,0.6813427200596888,-0.3014237777617052,-1.0187601294741142
0.17959667796087342,0.2606786323626611,0.26066311071973325,-0.21882076845585183,0.21023195506240636
0.2680141399195236,0.1303810970058697,0.13036885937525866,-0.10738825876110006,0.17286378917417394
0.24895121225022865,0.1570154824964781,0.15700264680248593,-0.08310601632741355,0.14116817472417753
0.12061804949330064,0.31918174532908605,0.31916508914386404,-0.05460809798494065,-0.43754847068869035
0.03978685529640428,0.15005277948822995,0.1500399210193544,0.5947632615209916,-0.8290304084091785
0.08284760587027011,-0.43931179136680587,-0.43931159503344647,4.000269771152104,-0.022440336115463227
0.108485465629299,-1.0617551573617836,-1.0617409843371224,-0.3029130994856957,-0.34364271415726144
0.09607343479672967,-0.35857508447310105,-0.35857670104689215,4.245811472371528,-0.1700849135584128
0.4452979331436148,-0.0419745965237668,-0.04198090411122942,1.1713486730684879,0.12304021767596711
0.15023391949274462,-0.2399597936558104,-0.23996407368365055,1.5504706481058228,1.2877823476099528
0.08748445596861187,-0.1393401283105593,-0.13934666770861412,1.4415946929626984,1.5137326279931824
0.1756154132974499,-0.1953074818384243,-0.1953125853949267,1.1109099902192723,1.3066972137015234
-0.25878153335980625,-0.46299404523540977,-0.46298812266751926,0.14089221377347166,0.6611602887576449
0.1775687338873575,-0.5891639521089986,-0.5891602117921416,0.17175968409951922,0.7364583859146481
0.2508188150823479,-0.8158901146685831,-0.815880611618317,-0.12693884790668947,0.40499927904761923
0.10100978670046014,-0.8795402917770744,-0.8795301655270403,-0.32843323176052336,0.09898130022668414
0.05124592234197711,-0.15572964443312348,-0.155735636692512,-0.0982618860317363,1.4971839903796296
0.3686800447400094,-0.22531440140943446,-0.22531730865966285,-0.04608713393385391,1.5365428288930987
0.2086271005985727,-0.2648393078703568,-0.26484285012036735,-0.1653839175101844,0.2676251889303211
0.01460457629019702,-0.2192960366034318,-0.21930051194786074,-0.11531319329345908,0.1970072403970185
0.09403238327168023,-0.11931888664730335,-0.1193257860538563,0.013836620697357001,0.9027061032491618
-0.10605782680550092,-0.11732864731400487,-0.1173344271349953,0.042092488383691166,1.7363765661231931
0.0724371862385213,-0.22526442600002122,-0.2252688568865527,-0.059501607858732264,1.7197025975929083
0.07398321412196306,-0.18613287437448037,-0.18613827350240214,0.031074688905131098,0.5847762720268551
0.1312663439812671,-0.32518255481850933,-0.3251849212068286,0.42233116598555076,0.5220230381129777
0.32281833615090677,-0.5754407763334612,-0.5754360007696464,-0.03811470619680759,0.3367901527185357
0.018398500054672504,-0.6583254406536126,-0.6583197891074106,0.018277435968348313,-0.2358279366837845
-0.11326101128017385,-0.713260327300267,-0.7132513823433555,0.1374606576806431,-0.6523366547638388
0.19765935653865707,-0.7324095070254288,-0.7324024606331492,0.0675048073379103,-0.14441037605248308
0.3002283833076267,-0.7337912644025384,-0.733783022707997,-0.1518688594416167,0.9420525332778902
0.07054807190112655,-0.7227973908249552,-0.7227907393878152,-0.16158133519914683,1.3045847538610873
-0.0065981152729551375,-0.7229380026399709,-0.7229307211278728,-0.29497565212232163,1.547986331115411
0.2076414181916066,-0.6967857275953685,-0.6967793915596923,-0.29760410987649294,1.6076530003115497
0.2175236518933932,-0.6489563052519528,-0.6489511327645182,-0.30698936633601825,1.9519627098017678
-0.02588647777292943,-0.6030773568623025,-0.6030725876488408,-0.3338660546919625,1.674642160413087
0.1230127223524573,-0.5687121875191309,-0.5687090855569381,-0.4025095550872386,0.24994511231715302
0.13936130639759323,-0.5312726348803903,-0.5312704631664967,-0.37085935149101423,-0.7770018319429789
0.007657426941976866,-0.518729344487666,-0.5187268275102451,-0.42078087921155327,-0.5714684920116845
0.24986226604447212,-0.4549115527219762,-0.45491037918527283,0.15352921514290752,0.1220460649585626
0.3118179863115357,-0.2219179543643135,-0.22192156479784436,0.32219593025560445,0.6507200677093955
-0.004634485163351855,-0.15515241949823425,-0.1551581560399905,-0.0007646494860892828,0.5588249524303001
0.07156411866460935,-0.2328624794641428,-0.23286691885904337,-0.18562169081782567,0.9061805844791241
0.20388212620672583,-0.2624085147038977,-0.2624122010959515,-0.1635838709455286,1.334120645949345
0.25903691791536276,-0.23254596853785908,-0.23254987768194565,-0.07104954739257702,1.2680032635809013
0.09176241937647199,-0.15951496823034514,-0.15952105461126612,-0.07610108996915048,1.1384415722905448
-0.3253240358762018,-0.23032913819055442,-0.2303278130929706,-0.03247109851257886,0.9450953218210909
0.1640075480821596,-0.36870164288086776,-0.36870303206725535,-0.058485784061828326,1.3604777777143273
0.3721016358409275,-0.2026801085901927,-0.20268352408348522,0.13652687388239765,1.2956200604681347
-0.03746644830022719,-0.16695996080793052,-0.1669650739779353,0.0510596442946825,1.04869506629616
0.1914286367434598,-0.36552399498484445,-0.3655253659642598,-0.07385455509943784,1.051334252539071
0.33727689896713,-0.4761245019079065,-0.4761218668875835,-0.045789870890577705,1.2252613523017613
0.04454460631191383,-0.5431570200991843,-0.5431543128476977,0.004042174704847038,1.4178676921376574
0.07315709333102362,-0.5341975397560478,-0.5341952128050506,0.2628549156218218,1.286150623346451
0.09948292118795526,-0.6296511091052894,-0.629646638786485,0.3266777642415583,0.6526107469937427
0.04873965245838055,-0.7423602558835931,-0.7423528964919813,-0.2968794282931483,0.29538099619809377
0.21474588773291461,-0.7769770039454774,-0.776968867250053,-0.23014020833231513,0.33594675830866344
-0.07135333688680094,-0.7199432396651336,-0.7199350402429174,0.3663568360134381,0.9077900661939603
-0.012451009123204905,-0.6543296469421955,-0.6543238164408156,0.23206225185866242,1.1876279578418947
0.328189195841454,-0.6974244813945353,-0.6974166980614513,-0.09734987650791407,0.5977832376881957
0.13318582459859638,-0.7362079068258303,-0.7362010438211217,-0.27987738973414406,0.57261082286763
-0.0027020092938638434,-0.7446181054737495,-0.7446103819243299,-0.22741561924615075,1.079427359120144
0.11384356280124783,-0.7261908823351109,-0.72618424425827,0.14478961520245617,1.5830439794952815
0.24460545733897646,-0.7343142149680649,-0.7343066780081355,0.6613934730728502,1.87459481399388
0.2590166373975136,0.517701088234858,0.517680153504642,2.335442307512327,-1.106493750309167
0.5859885529572105,2.2245809249003683,2.2245238123678193,-1.0467977655094591,-1.0786632232474422
-0.48450581021600886,2.429015099326692,2.428954829269379,-1.2241090110901427,-0.10387613446126523
-0.8622384873495205,0.8914191701835519,0.8914043524426424,0.9216453112483844,3.079030261800365
-0.0590852751628578,-0.6288526668563309,-0.6288467815117222,-0.2873344312248574,1.3420221327537925
0.000522039099810308,-0.5516542726860814,-0.5516510163939168,-0.4768685493669036,0.6637726064371163
0.22325856585705564,-0.5129315700640734,-0.5129293623924296,-0.4251915761758332,0.07985711459737665
0.0168824980062052,-0.40070516066343503,-0.40070538342667084,0.40553785107764123,-0.08351387606268182
0.19424315100772932,-0.2652200345108865,-0.2652235682118483,0.2677912578843871,0.6014101267541627
0.1070939510311573,-0.2364865922632573,-0.23649103983995767,-0.08729249189292086,0.7619647262587669
0.08663603378879836,-0.15323517292241207,-0.15324140031336744,0.06818455979446103,1.4328059405443052
0.17843900609398877,-0.13813167275641494,-0.13813814973015176,0.046029196470186585,1.9351893813096224
0.0361602227231701,-0.09176273249418446,-0.09177016110237284,-0.17654718172148978,1.1368779826978923
0.08164433104835338,-0.05587823905551859,-0.05588638387452845,-0.22899796908303396,1.1664685632599383
0.1943772722169447,-0.09762221490538595,-0.0976296015011352,-0.14882914379867157,1.4971991282559576
0.30254664037830503,0.01275886593691915,0.012749627700256613,-0.11393796245613877,1.4838993380584742
-0.026781733895201387,0.030004860267760395,0.029995055660591102,-0.14938945912676968,1.4104473344900244
0.10161495550659785,-0.12087905086231818,-0.12088609435538077,-0.14112344995320136,1.2466804167463188
0.265267191477618,-0.2049506759368664,-0.20495529428073408,-0.11561506341476517,0.9949080693395783
0.15444543778971023,-0.133335645562727,-0.13334223022913955,-0.12940010186285467,0.5664541611356996
0.0885800552945227,-0.16988943332853443,-0.16989528675541649,-0.16769181282074613,1.0083065179005977
0.150977017875448,-0.22942008728456129,-0.22942469353651482,-0.19488626410984666,1.4637244177992912
0.06401661674855709,-0.3260981437260924,-0.3261003104359574,0.0901564254047156,1.2466463474548606
-0.00044627612621566765,-0.6050086646196262,-0.6050041207184641,0.8912895404837735,0.9825820179698714
-0.9908651841873765,0.6271063947302867,0.6271041394306315,1.7935889559159688,0.9912084529126315
-2.6208315561914244,2.4194194624726917,2.4194256820255378,-1.2172768967096905,0.8058233818136858
-1.1618179885612798,2.6031107968958986,2.6030566482777773,-1.3325893856664461,0.5389486945713552
0.4287874373864047,0.944522431206712,0.9444931662266204,0.9714591242879483,0.5327143168175759
0.12326471653828432,-0.7738674676961544,-0.773859848622268,-0.23143451814917518,1.262597898200403
0.08467588121867452,-0.7049750671758809,-0.7049689054908138,-0.2368881965229559,1.1741699316084593
0.06472397289842488,-0.6717141036080777,-0.6717084201043168,-0.3323970279595149,1.2644196356379995
0.07804985802163265,-0.6940233771428024,-0.6940172822537964,-0.2821806550480775,1.157795556692044
0.19710775107290854,-0.694979089676581,-0.6949729733274715,-0.25450863287472547,0.609757679224421
0.2514805631480693,-0.6738531048679629,-0.6738469255355991,-0.28184824542430104,0.34814248338339604
0.1001459028056602,-0.6295340520083306,-0.6295295843179916,-0.25261144647502465,1.1845795733253492
0.07821770315721582,-0.5759323803160225,-0.5759290266679298,-0.2911572276056166,1.7187413309616988
0.08516765556638807,-0.5318151994506864,-0.5318127468747811,-0.3536126765869321,1.351043999299607
-0.008362971687888151,-0.38139038141855086,-0.3813909483269827,0.2746743451293502,1.1412286479079368
0.13647810816404754,-0.24359214612816152,-0.24359634459312865,0.08012114792508748,1.216223393576797
0.2564861580945321,-0.28641283232205345,-0.2864155319094676,-0.16082064885452427,1.0229846002019918
0.09883931992854397,-0.19017264286371452,-0.19017795128041629,0.06529437264859768,0.5216419258674398
0.1301737717944883,-0.20456224699309378,-0.20456723229758028,0.09997441994857947,0.636409345457181
0.2415959803119441,-0.39013357033922696,-0.39013412004251624,-0.24867047056873684,0.47747927931198914
0.21376782718976334,-0.8619624266942963,-0.8619523369088532,-0.2771198891227496,0.6090449748072027
0.12852051496855235,-0.8325287913448884,-0.8325197654971931,-0.16870405186121656,0.7986621288606668
0.04313729019496489,-0.8532796918979105,-0.8532698418592757,-0.15793814590529037,0.6126117266961437
-0.007165744091703377,-0.8844785876765918,-0.8844673206032738,-0.3232964251499276,0.14183861945456802
0.1398498327336912,-0.8735847992603335,-0.8735748962979123,-0.34891133358586746,0.026793736039008982
0.16256393065891894,-0.888156079228413,-0.8881457595146711,-0.30970584942757917,0.2727020267431915
0.12379212268259167,-0.92355841744024,-0.9235473027826051,-0.27227436749731254,0.4359507999153895
0.07695022721190052,-0.9214160128370615,-0.9214049015063499,-0.3091686009331898,0.3436451418359808
0.1508508519224754,-0.9114764144062663,-0.9114656158245089,-0.3293015050343055,0.5007898464799461
0.1725161870288079,-0.8010550308144344,-0.801046622136498,3.283359925340743,1.6114265024615886
0.4915247936362878,0.03391476434185265,0.03390737960983887,1.8336461065858747,-0.7771900886947414
0.37692704500285795,0.33407137223759437,0.3340554564282206,0.1575665910278603,-0.4718542275546799
-0.198606128658105,0.08761808852463386,0.08760878143092095,-0.22979957426176828,0.8392042114796163
0.07001114083132298,0.057559939680891896,0.05754897897863817,-0.1476278601161848,1.0064823463741197
0.33884109417333896,0.10600724795538609,0.10599627410604363,-0.16229061901964564,0.9657051445488924
0.03687900653964587,0.12581130257952547,0.12579880932301493,-0.19962040437513826,0.7041581104861669
-0.044886881539194214,0.13686446597974586,0.13685244100656171,-0.19744740488195772,0.7177089867536576
0.2370106752475237,0.13931236542433745,0.13929992724603255,-0.236270011540307,0.37002727831125176
0.3391282630234499,0.12150052049014007,0.1214890196268859,-0.2681764094297778,0.2422059949368784
0.09111019094684768,0.0522797421228888,0.05226907910445191,-0.16695701242669644,0.648156621380569
-0.019146954970620727,-0.008170889262336258,-0.008179657530575275,-0.0390457697830223,-0.13964554356311482
0.043194885019175365,-0.2725470743748568,-0.2725502644310604,0.6305590303020467,-0.35783584593994294
0.03219453517980423,-0.7214715199271894,-0.7214646295829321,1.3575976790803794,0.34602565649703143
-1.0230296546505406,0.7332830031802916,0.7332783637317147,1.5803113413380245,2.4372155249212355
-1.1917184269498966,2.326364533651953,2.326319823396699,-1.1705091466345612,0.8340850922924986
-0.03161522654123155,1.700814273476788,1.7007667724617197,-0.5232110327553035,0.9778160593921658
0.1908727689837475,-0.8101775133889904,-0.8101687207504215,8.327018310255074,1.1422674888261946
0.20976841059091542,-0.9941777907777365,-0.9941645530352873,-0.2881045406005357,0.34190361020059884
0.15112099724230274,-0.9860288882892493,-0.9860164156645667,-0.33470767873986923,0.16425239036166736
0.10739177305162047,-0.9773200910481694,-0.9773078139756884,-0.36254180887254733,0.31104433091875144
0.10510219927025471,-0.9678352419745349,-0.96782313310033,-0.30970002176397643,0.46221776520874186
-0.0069663036121771675,-0.9602182909989685,-0.9602052784441842,0.062084592989153774,0.5200639695974734
0.06109958174812952,-0.9440223624166313,-0.9440106091308269,0.4036885955255422,0.47390357772984193
0.14655798715536358,-0.985305319592745,-0.9852929079953056,0.4010991673786796,0.3535105162484816
0.17644467823544083,-0.8376861102976676,-0.8376767895253403,8.148870325787028,0.3511391153900209
0.32572338441127024,-0.41808460187604274,-0.4180835387950445,2.9421189118527784,0.5479353255764695
0.15621780066338686,-0.04011305730395721,-0.04012173524248035,0.5577502173131978,0.4058044739077789
0.2630347650052421,0.5369975073382911,0.5369763184348024,-0.017311698653226522,-0.902541281930226
0.2561099067876675,0.5622678686615817,0.5622459332039641,-0.07774134297687432,-0.9668002568653206
0.11677438165515411,0.2183188305000244,0.21830408090845874,-0.11357970983820447,0.2764280100222871
0.36642733774978437,0.3118441371885732,0.3118287204819608,0.031432017986794784,0.10502942768207264
0.19083781406995337,0.439924125704735,0.43990475830260595,-0.043458743592048044,-0.6818385574620707
0.21285991241345706,0.3395606067231431,0.339543492939575,-0.13693687320316691,-0.7456774141493694
0.22550151727192688,0.29770181281795716,0.2976858180744567,-0.13450195111269742,-0.16594794742577468
0.08256592004332072,0.11869759860305029,0.1186852650816256,0.44335098893691316,0.2659745940254002
0.10833173709848326,-0.4972314996434142,-0.49723009230820103,1.4949000357766344,1.2708106563755441
0.1084137554825997,-0.8462919564041229,-0.8462826215106254,1.0606239311781127,-0.03651617566611707
0.1128061173730036,-0.9382091386057201,-0.9381978293120837,-0.2151422051027721,0.22554400435065222
0.1066434096331123,-0.9475532863026733,-0.9475416776306665,-0.3410371678343398,-0.1246253689348651
0.1149633625705936,-0.945934369635015,-0.9459227973150681,-0.2915037465501089,-0.1183201902109335
0.06297659650494608,-0.949530225728628,-0.9495183039863545,-0.2784459252559161,-0.23553581985025
0.18604095868720003,-0.9525012548620773,-0.9524892664066548,-0.32998424152140327,0.08121947776308316
0.22581614739987402,-0.9449954499135392,-0.9449832269792114,-0.2350641335916137,0.028240769929339386
0.08067041995865178,-0.9376039256503261,-0.9375924060473435,-0.2654298132397834,0.02772141736765713
0.07018436640778215,-0.9335760688626188,-0.9335645949235568,-0.33411616662413,0.36069603615023427
0.14245571514565109,-0.9098486311337121,-0.909837824323283,-0.31541347000522046,0.15565069535006718
0.06498515252649695,-0.9226149300738179,-0.9226036574824666,-0.3211312723838753,0.2727296940281908
0.06518134627668615,-0.8595276032528846,-0.85951770247981,1.140701930365451,2.1617233016430686
-0.001001471971957747,-0.4882705863136278,-0.48826866371453564,1.1944632271285605,1.4403847570627908
0.2836088733555845,-0.27286000283451595,-0.2728627380657762,0.10167083587570416,0.8945064626738265
0.3289636715807437,-0.034302027753853485,-0.034309940579937186,0.22266556768287404,0.693393668014657
-0.07654884241846427,-0.07280127402015184,-0.0728081432433287,0.36811792612459276,0.801585193248919
0.051119310156062484,-0.03322155581987307,-0.033230388504023066,0.7452887288772453,0.7235105909998338
0.254502698829136,0.4160726002881186,0.41605376846147485,0.084036303505836,0.01123556680162456
0.1559010445175721,0.3376765875252641,0.33765933692720723,0.08707076078145093,0.012783618660014446
0.2145299725383324,0.2401193937740553,0.240104512899073,-0.10966789338122167,0.2755926225598083
0.39191247043756,0.658363953399946,0.6583405766243577,-0.3454392278706377,-0.6370108449984001
0.056489282509839894,0.5670216227490994,0.5669997596673391,-0.18087935321136878,-0.7001160206360689
0.06762251744188577,-0.10599202124211271,-0.10599921989755154,0.48720228010656874,0.32613359344343995
0.25585006585842157,-0.5898532186875723,-0.5898490150952654,0.13404940726863748,1.203435772752588
0.320363377926532,-0.7844178319056117,-0.7844079160558948,-0.13757742681633395,0.8893611599319776
0.16045307445312393,-0.8824260134240253,-0.8824158223763842,-0.2516901518959153,0.46327108765685976
-0.06122942957853568,-0.9227828581968461,-0.9227697010819974,-0.2417038694638623,0.7190485842867117
0.10466017348418721,-0.9361888513336077,-0.9361774530651494,-0.2509849573138438,0.781963011545119
0.22639565524728655,-0.9341407999451546,-0.9341288655270327,-0.31175290696226,0.727787493775996
0.11178133444562942,-0.9367475370037146,-0.9367361709700432,-0.31527897875862626,0.5511626186373707
0.07687269039138316,-0.9424572275291748,-0.9424455989474387,-0.2819434031568369,0.22572724204345423
0.13118186041660151,-0.917548516211638,-0.9175375812835123,0.5970539171121039,0.16783741471301372
0.16737064419931166,-0.9218328328288341,-0.9218217569184407,0.6096000048972374,0.14077536127751555
0.1712154333900669,-0.9446830588238738,-0.9446713354822502,-0.2871696625264177,0.35635127294052177
0.18243516570527113,-0.8824179080932871,-0.8824075381083386,2.368112326694769,-0.27969528167956065
0.002238712615230175,-0.5263805080194974,-0.5263776401192642,1.9280127900695618,0.5351529619675572
-0.0746676884664266,-0.3480832040312904,-0.3480838023604665,0.4725132232228672,0.6625663244663801
0.3489745211177014,-0.07364001901863712,-0.07364677984851037,0.6286520726583071,0.3419438032962624
0.46500825761688563,0.340103708663433,0.34008873211645946,-0.09093640096778474,-0.09173193173887852
0.2653823708678104,0.3142691088467673,0.3142529212112493,-0.20379169381660311,0.008286672705205838
-0.009297886121745763,0.3403788421002025,0.34036188906282894,-0.22871604508719162,0.50899815322791
0.18985112635658907,0.6309622035583475,0.630938367361114,-0.24344951846456786,-0.1527151077522894
0.48509665936170354,0.6726420532556344,0.6726194305874649,-0.2509899734557198,-0.3674056290374847
0.43330214532192374,0.40284290929012034,0.4028259866041358,-0.11872821232663634,-0.2517552673026943
0.040248039606572965,0.39960830017476584,0.3995898380467208,-0.14246384520311478,-1.1922751668825349
-0.09723679658928713,0.4895212266423957,0.4895012829171634,-0.17461448539082297,-0.9722232105801482
0.7032993978783214,0.6646287919097214,0.6646099315619836,-0.1526779382411184,-1.0656779782616288
0.3921680439437279,0.4008718361532635,0.4008545994882389,0.5129275440085299,-1.0692957965091645
-0.13920643068311978,-0.575802426339215,-0.5757964783791997,1.0609447971095123,1.0857016015845191
0.10667209292242488,-0.9085631077663059,-0.9085523746015645,0.5852817808215194,1.040632540206894
0.11913398387487577,-0.9360781978957403,-0.9360668916716106,-0.23309276125614625,0.17856716573223647
0.11370126321931862,-0.9185918200543881,-0.9185809064791619,-0.2730485528475197,-0.11280621858619296
0.05546707568011106,-0.8957216218079163,-0.8957108635342883,-0.3095576448702765,0.28221638162603097
0.1624482973421131,-0.9094252731403495,-0.9094144758362376,-0.3337548757414803,0.40472487922466777
0.03730198407756914,-0.9353268650828953,-0.9353149935918581,-0.29214204895887824,0.15475798947212033
0.1268578465384887,-0.9377523293302503,-0.9377409407344103,-0.3227314128747753,0.1912254191655554
0.2798570801357759,-0.9312224778519199,-0.9312097133668881,-0.34006456679599417,0.386494390764368
-0.027522367738494913,-0.9211079207073456,-0.9210954281200614,-0.26461216392763265,0.5656504148840822
0.10802271052788315,-0.9156035950811408,-0.9155927038253613,-0.2949959198474853,0.3069301587411987
0.17909335797692355,-0.9070646067580671,-0.9070536833423686,-0.2718248102217559,-0.09494429892967546
-0.008802639363667049,-0.8589899645741973,-0.8589793146164985,0.15908924845159847,1.4290348555973977
0.05556780635538663,-0.4890148437548892,-0.48901344180175166,1.1610727271284895,1.7222067197364699
0.32327043679969186,-0.20968857760957013,-0.20969255220801777,0.3881476389473136,1.0254892310198762
0.34668494605405703,0.42816593287279264,0.4281475459729349,0.25272888210924954,-0.43812006454746405
0.00690839160949848,0.5930858586764021,0.5930634103337177,-0.17706755435336763,-0.5249096976375673
0.13214154462557878,0.1460466861852671,0.14603373855214097,-0.03440568333230785,-0.20910204226788878
0.3008856485274705,0.43557608596245373,0.4355571744322579,0.006849084417230389,-0.6480375017439245
0.41432257601785,0.5658560672327846,0.5658349468002958,-0.19861434908637046,-0.6840569551056769
0.5213203929290936,0.35736349549077895,0.3573488478601397,-0.1365423612890322,-0.8781678753351182
0.29931082579648066,0.38561070745578385,0.385593096995438,0.09099530489136197,-0.9975502876188388
-0.0073412110911013715,0.29450302836884873,0.29448692633333334,0.10454959008046212,0.3189171730828186
0.3898932612456569,0.4867150805353438,0.48669573717881215,-0.22657992298994442,0.36997881169591085
0.4338483754759106,0.5016876415462116,0.5016686784646613,-0.15310047186863657,0.04550629839692295
-0.0528837041240937,0.6484820774626397,0.6484582061029817,-0.240774147751397,-0.42325704178241585
0.2548799657006274,0.8973723340969867,0.8973428740163701,-0.5075185851409458,-1.0948043975201767
0.3601942534329056,0.2838747455103063,0.2838597777247412,0.6770406422726163,-1.1242633233728985
0.13956523228755421,-0.5709693206159624,-0.5709660784111867,0.2547087869827378,1.0495933349201763
0.030126373721246515,-0.7758259126381595,-0.7758177570101555,-0.15930688160897097,0.6946245565455402
0.1316766609417382,-0.8095986315632873,-0.8095901653820454,-0.3430509126334276,1.071832774306546
0.17193309393051612,-0.8179284933971497,-0.8179196610532246,-0.2861915953759268,0.8908813121731305
0.21153125639305206,-0.8092659995371928,-0.8092570930267837,-0.14554888604208444,0.4335878628368303
0.028758941596911402,-0.7390044698346614,-0.738997096236091,1.2430166705970145,0.8442868422560896
0.006386924819238459,-0.8145918287638267,-0.8145823996458255,2.258864899790459,0.997068815702708
0.194567864974344,-0.9754328476303283,-0.9754202994762751,-0.25438346325651023,0.12439220506620438
0.14176539150201686,-0.9934469675863173,-0.9934343283919352,-0.29280518290415736,-0.06997866589598396
0.14023639612480868,-0.9820878615363559,-0.982075477405691,0.2056449662963532,0.4607475077757908
-0.016167052416506487,-0.9684980430809192,-0.9684846207088169,0.9346134810313642,0.4581139344496985
0.12622298697279513,-0.9660592789262205,-0.9660472994901372,0.4637488152727451,0.01462763812284193
0.46105254107167326,-0.6701133679585393,-0.6701030632965549,6.920370711845837,0.37834985510984165
0.22054074052601186,-0.08583383979213129,-0.08584131197133624,2.081000847276432,-0.7314690624342884
0.037648999433057904,0.012150921350723935,0.012141338526570806,0.821297247571586,-0.25578099874420374
0.14568558764858616,0.020533355882302432,0.02052322659566014,0.21593147300169077,0.31257379952046843
0.03203576857649042,0.19659923097170953,0.1965851482034826,-0.015592636975345407,-0.3216129317895263
0.11809183312542218,0.245170492591415,0.24515531917692707,-0.012610520279402753,-0.0356239087274714
0.3164627891015631,0.5118677578300161,0.5118473123232803,-0.04502840826921243,-0.7437061984242584
0.5352988296161251,0.5586780579803978,0.5586587108007233,-0.22487348573327182,-0.80042387138506
0.3185884376729315,0.3125203277639671,0.3125043585158663,-0.3217046423806444,0.002884675225363153
0.0008475326917950126,0.489057655461172,0.489037543025917,-0.21581485486070645,-0.4762907678567876
0.07695515629072021,0.7730915514362169,0.773064344667843,-0.3799364331263809,-0.9547166454630314
0.36653299750387963,0.5506558404679232,0.5506347031112053,-0.11077064394766681,-0.7224768108329885
0.46389115704392786,0.4948318751667079,0.4948134242669867,-0.1777881606797339,-0.5855801064608005
0.3654021098717467,0.3886393247402236,0.3886220045122304,0.04992750125643797,-0.4673272509216384
0.004553717827457223,-0.14839893254086295,-0.14840482072919073,0.6180489357463421,1.4377178404075235
-0.08370407993288076,-0.3687744565150128,-0.3687745006715842,0.5920691120739748,1.2954022111763737
0.34843243528804996,-0.5302414218624982,-0.5302373029916382,0.2930245980305716,1.195262592611271
0.2725483487475218,-0.6860454030931415,-0.686038681309134,1.0223346608618216,1.089042693691477
0.15606127035389758,-0.7699449354272104,-0.7699371357530927,0.9501414675743544,0.9421639301650919
0.014453872654525817,-0.8517510086083594,-0.8517408346570154,0.05394299083127668,1.083938822056782
0.1283988318614574,-0.8664785736829371,-0.866468740728023,-0.3481548279199086,0.6492228478682447
0.1151468963844699,-0.8258678215880976,-0.825858990089368,0.7132234941789019,1.2088982663169592
-0.014785628068425169,-0.7584162891442395,-0.7584079423038993,1.263215219704228,0.6328685305856275
0.22836388104328156,-0.7717707843232724,-0.771762630191732,0.7058799147647302,0.22652856314659284
0.08668634527073624,-0.8396295536606823,-0.839620323588673,-0.18914496116185817,0.8739097689335543
-0.055651599868704375,-0.8523287709132423,-0.8523174644928188,-0.18803068906209208,0.7821349772299483
0.16106966836131245,-0.9242248457940818,-0.9242137161720921,0.40114893526325796,0.6168257432822676
0.21705372244338317,-0.9426659509908908,-0.9426538699240887,4.211804624938613,0.0783414449657168
0.14068346383020996,-0.9774649570423019,-0.9774526767169188,5.224160275632098,0.028010309162950813
0.12383414038674449,-1.1033986002419982,-1.1033834921321906,0.3345623183384554,0.2623934256790348
-2.467684574610568,0.32509460649299415,0.325211798780285,3.6555889155162684,3.3397240315054484
-3.5779047485133217,1.015030927202177,1.0151971102249044,0.6661077009396467,2.8610223242513193
-1.1465553857910773,0.2746858977415295,0.2747033777631261,3.8697337169882955,4.885789304000522
0.12375313035443784,-1.1259413610389812,-1.1259257467414208,-0.27110657936419585,-0.7014609910253179
0.13075047882493626,-1.1279834341862545,-1.127967774034842,-0.305958622550921,-0.8875745247071668
0.08858341486437378,-1.1318220919553499,-1.1318062560489153,-0.3104439187757531,-1.0603695883321804
0.17310219346400874,-1.1363805792214101,-1.1363645066166725,-0.2979340295127212,-1.248813891510069
0.051746216148503874,-1.1342523701422318,-1.1342360990364404,-0.3123706797594939,-0.8954483745555809
0.11717013257221931,-1.1325877546346932,-1.1325719910952954,-0.3189431997868853,-0.8205598766715381
0.18679111729570497,-1.125195782563152,-1.1251798043786956,-0.21798088663431361,-0.9776726472121136
0.2636417238722623,0.09212124907176046,0.0921098705491632,1.9146528628426858,-0.3771627414655084
-1.3487754349259908,2.082067536600342,2.082032969028464,-1.0228762644220486,-0.21393536058279455
-1.2210234777533007,3.077467710386285,3.077403985008705,-1.5859570039131043,-0.4989258117462481
0.7988873359499035,1.9336810525159398,1.9336326214434547,-0.8100934102776497,-0.7028317500822653
0.41066401983735906,-0.2799135213716978,-0.27991457570518236,4.011226907927284,-1.4296937401228416
0.07119671507987162,-0.6616660012193898,-0.6616607224606461,1.2730808413279147,1.464609959147063
0.20940347411014468,-0.6573290671236448,-0.6573237066295347,0.481180243853345,1.2683595774569891
0.06667180020694237,-0.7437787335436049,-0.7437716109796664,0.5381131515991858,0.4013884494809473
0.04994147061184276,-0.8478747797205384,-0.8478650510468231,0.48280082386049605,0.3457101096131963
0.041479329650667765,-0.9496446407564513,-0.9496324925459024,-0.27679261555075585,0.4129208073563841
0.2132396310015726,-0.9106968248879197,-0.9106855960132285,-0.029978418673670723,0.151537990596553
0.05556455962604962,-0.8756010114766604,-0.8755906602226374,0.04195491828096425,0.6431343866429162
0.1229714889219343,-0.936023341375551,-0.9360119916033731,0.4711658170345786,1.347360177377922
0.26806399491029087,-1.0606480856131155,-1.060632280593653,0.8493279556119264,1.0558314442668224
0.0639814310246205,-1.1058436784941228,-1.1058282020223704,-0.3180200674224764,-0.4114909225548053
0.09660431607624415,-0.3614501035010109,-0.3614516555175176,2.9875170628346677,-0.40564601938891814
0.15881931306998318,0.13098689211209014,0.13097410352068986,0.1427367588826273,-0.22591492333308566
0.31221686727058806,0.2879797148921082,0.28796411757333856,-0.16887853174880407,0.38165536934378597
0.005711615375370035,0.3418693273393688,0.34185234083380645,0.05092699127493266,-0.2285966085970224
-0.017339290967936308,0.34273753812584146,0.34272053212498876,0.4007864638330102,-0.8272412392440222
0.4605518164195473,0.48631724761668155,0.48629880878985815,0.04237235701181971,-0.5373824223292418
0.397382506681757,0.1793616554374361,0.1793497509244574,0.5238601097935423,-0.09255041695561525
0.4157458026472845,0.05506457255352433,0.0550556381960391,0.8239317913475808,-0.2453337810185169
0.30294283368147656,0.37108362616968543,0.3710661627892347,-0.03203949328195983,0.0877494729087037
-0.2051550638321287,0.1523735013676481,0.15236274021969526,-0.05282219831168143,1.027005878279964
-0.024327227032882943,0.02419804011594058,0.024188365898357142,0.10158259669432582,0.6285407061489049
0.26811374731877263,0.0026630271804584135,0.0026538365220940556,0.1581087035998319,0.9464874696873721
0.08306867582470019,-0.0898568602498954,-0.08986442121325912,-0.1403281193105397,1.4572410239209241
0.04685266670341054,-0.2836124181616009,-0.2836156284293529,0.20917654484774623,1.419454931165149
0.1700806168563982,-0.6906471710341103,-0.6906411519563239,0.4128552379002861,1.4203655112760567
0.11984369108250005,-0.9063868936343576,-0.906376209335545,-0.10176250720500897,1.0152518327907674
0.08940886630590014,-0.9721490243797183,-0.9721368186414318,-0.3341751957199424,-0.0535426106111341
0.06121678200934683,-0.9630004345796356,-0.9629882551495896,-0.3468216642271387,0.15309788537032337
0.019204232616362976,-0.9644055675514707,-0.9643928639916834,-0.347901260362646,-0.07879739358764891
0.20428795711562286,-0.9699333583340667,-0.9699207993291387,-0.2985010903282822,0.049919727370213524
0.18176254904639785,-0.9840491276708279,-0.9840365203814877,-0.2840889913133902,0.5290629672549945
0.017061104023540392,-1.0003789061624266,-1.0003653052775296,-0.2900266080523293,0.19096819054725298
0.12787691579284372,-0.9853597283046062,-0.9853472707056159,-0.25493061690260943,-0.053012095486781596
0.08435710676639199,-0.9792521600796509,-0.97923970528393,-0.31552634366149823,-0.05654589230968263
0.18486849958385632,-0.9826566676746772,-0.982644046872585,-0.3419524928225303,0.26439263676327945
0.2193255918045451,-0.9595956135187796,-0.9595831523038709,-0.24903971894271237,0.47023522777174764
0.03391322956624902,-0.9496903619867477,-0.9496782127495488,-0.25531979798036314,0.11287983401634609
0.05417192303415994,-0.9527951066869604,-0.9527830668533974,-0.2913513771746734,-0.13173671973461465
0.17417717887964243,-0.8795209016764687,-0.8795107310820035,0.4109586651427323,1.1453291303854456
0.2382020761698904,-0.9288108956627352,-0.9287989018059544,0.9771244253723366,1.4363576133087363
0.06290510691016066,-1.0722971923363387,-1.07228246913614,-0.31971628554820797,-0.783366119370569
0.12426484990415472,-0.32215151936909797,-0.32215404337763615,-0.11774840076836328,-0.19238276897423837
0.23601188282446695,-0.2522293835984149,-0.25223311943905985,-0.13064369665677555,0.48603895449854456
-0.0011128455593569888,-0.28614325170855204,-0.28614595734928,-0.15876444385703645,0.7822842021359074
-0.17634482894120393,-0.17963445904078085,-0.17963758597708054,0.03746115935914108,0.8749432402478429
0.1286975495535011,-0.08275121682332559,-0.08275893734077905,-0.08362002807471416,1.1759866489089281
0.28429986763091036,-0.19671924237351493,-0.19672377687162979,-0.1697223109382964,1.026133417421794
0.21136060050284539,-0.25655565985595175,-0.2565594776712801,-0.20002701591487196,1.246057383298955
-0.12485038860305464,-0.14701708560208776,-0.14702184054367007,-0.1698228610324135,1.1223912814453314
0.12279781583025451,-0.1434382910057745,-0.1434446488217386,-0.17082016804205444,0.3828261229557708
0.3332066800748097,-0.17260494302998386,-0.1726094816461294,-0.06642277528003128,0.3780013126130944
0.19923127106185218,-0.18594273495837954,-0.18594813835579807,-0.06533523296267355,1.0659278235769247
-0.00587159675215045,-0.3241502670606298,-0.32415211927058823,-0.07389167100243425,1.0295042803407068
-0.08732745038943511,-0.4471556020413752,-0.44715370706457874,-0.12098812825912236,0.36082047288687014
0.19041673943342666,-0.5112489750521627,-0.5112468947221025,-0.25739512351608057,0.4950521630730897
0.20444515933908236,-0.5158165304368666,-0.5158144371040189,-0.20117450536111547,1.0393957727816638
0.020453890018681812,-0.5319785599287684,-0.5319758350057119,-0.0006674952020695664,1.4851752914759127
-0.08218169726625353,-0.6561336875726803,-0.6561267418465089,0.4401281363656468,1.392753928148667
0.13075843408117907,-0.7608040031495378,-0.7607965878503326,0.12795879147003053,0.8605035176020674
0.29289590412027255,-0.7503156603935189,-0.7503072267702615,-0.09752717953654969,0.6623969771202363
0.16482470831045803,-0.7748787532434471,-0.7748710219019351,-0.04155247612192679,0.6051412095703871
0.08006782596788085,-0.8216092987305985,-0.8216004285156401,-0.2388306910224989,0.7778716574755454
0.08395216832337907,-0.8241150102303446,-0.8241061285305666,-0.23482464747903764,0.46331012053799964
0.048791866841715,-0.7937828922514861,-0.7937745125267326,-0.21999732043882733,0.3575178067170414
0.017149058075153278,-0.7650089233501661,-0.7650008314935774,-0.20767100878510003,0.6532489510529651
0.12484984842832901,-0.7536443092577693,-0.7536370547263331,-0.2646685597798415,0.8556299058370183
0.2760959929608984,-0.7055347380243095,-0.7055274890562258,-0.24878264580498707,1.3043678618663694
0.09874127947370641,-0.6768611229693112,-0.6768555925704638,-0.24461341728333313,0.898313510765237
0.06684715436582628,-0.7304841103380357,-0.7304772862989987,-0.22119106369455216,0.637974310991142
0.293279777290952,-0.7152648965000639,-0.7152572499262532,0.37482440034594866,1.4527993617686705
0.14472366201667008,-0.45604289568202594,-0.4560422340994426,0.5635036120435005,1.7130896924613845
0.1947991316079557,-0.27117167587600594,-0.2711751654951399,-0.050365115918782476,1.150907900211029
0.2713058618469615,-0.2475763863847143,-0.2475798684677416,-0.20666539563165148,0.408697451836239
0.014271686515425649,-0.181241553568578,-0.18124679384998788,-0.09262575901788747,0.32515112785996403
-0.17957984338120117,-0.05802270357700625,-0.05802865081130179,-0.03437894747508027,0.27879245359245286
0.13515729520051054,0.041809446042491386,0.041798839010626754,-0.031567913737854635,0.016903830760104818
0.3317497243898931,0.09653269847329721,0.09652175825147626,-0.02358171051963351,-0.03433624102558774
0.12448703952820286,0.03825814687752194,0.03824761958851402,-0.09333449171476899,0.5665973897302367
-0.10267322687674475,-0.10820517956112714,-0.10821116424556275,-0.1600248835898223,1.4968462942461114
-0.012404959935230768,-0.1745225478524685,-0.17452775988687974,-0.16102092470811763,1.6211837123527792
0.2810230406513313,-0.04393993771402428,-0.04394808192336263,-0.05710197628607084,0.4419581011290294
0.28490817032587096,0.05962326133333228,0.05961279165802801,-0.08072604698758216,-0.19399049812205477
0.004037072404617082,0.11687215273448358,0.11686003932194998,-0.01623588909149748,-0.5050271844147399
0.09800322557489395,0.009816048728138604,0.009806339213211501,0.12457489937484921,-0.4701887328170147
0.38376003052551244,-0.2481902420408401,-0.24819245650484567,-0.12167619044201058,0.5432749452956993
-0.10693258698712411,-0.34575442160196684,-0.34575462442465277,-0.1880600383250427,1.3877067496537399
-0.04049530312099604,-0.498905675858757,-0.4989029770954916,0.06491459767884766,1.2312599642979298
0.30315181431355703,-0.6558854226355952,-0.6558790198420309,0.5638288437391522,0.34397360933735555
-0.011204039376766936,-0.7374700098176781,-0.737462222876458,0.4900735644184604,0.8840334093449744
0.04763744170416736,-0.7875819559901271,-0.7875735811651811,-0.28217231928356146,0.7725340421511638
0.19032530784233434,-0.7455569804143924,-0.7455496835812229,-0.21562740119302154,0.9401745850912447
0.12601771645346962,-0.7100181950050009,-0.7100119200787223,-0.26994774600417387,0.8108436736237917
0.19459632642946412,-0.7112337259307288,-0.7112272445909302,-0.31748071474022915,0.6397123980058893
0.07036947101290564,-0.7294120572006231,-0.729405167674412,-0.2838934539266021,0.7506181672702378
0.0004942495586604005,-0.7169239367939177,-0.7169167903250162,-0.2506918278820579,0.9698386386998513
0.12643397188642153,-0.6626158922449035,-0.6626106817164302,-0.25244378369912474,1.2321075590408843
0.146675300257095,-0.6706948022917124,-0.6706894103548766,-0.2572896611794323,1.4391787498562918
0.0904036221160213,-0.6461476514182637,-0.6461426315575669,-0.265418825902085,1.2788936374143984
0.10669203748328893,-0.5751612543750765,-0.5751580076019314,-0.34758202449885445,1.3179544311120173
0.18468261022424853,-0.5538051856474933,-0.5538022392961449,-0.4003472152017083,1.2506961507980934
0.2320157180840703,-0.3515239841008908,-0.3515254903250678,0.5054801154870033,1.1966031071314818
0.09968718303490136,-0.18523474999169226,-0.1852403484059101,0.1361387316464053,1.0525965333584666
-0.020187867680115844,-0.17449962006607103,-0.17450483261531563,-0.09942350761571253,0.7892155319752544
0.05330546175943608,-0.08350290788283302,-0.08351043240208612,-0.05260397085898403,0.3009645639364767
0.18002637463849885,-0.12402356094206389,-0.1240303547072302,-0.017977024718110274,0.5651082839873398
0.18476765606806667,-0.15404543731123174,-0.15405155694840306,-0.04863434041694325,0.8919838229011499
-0.14172907269948684,0.0016852824769385034,0.0016772780489094192,-0.06697290882981487,0.8276053092012001
0.07842813019952222,-0.09105734481580004,-0.0910650579421213,0.021037148652553676,1.1658183220955576
0.18813982815293095,-0.2745669586194739,-0.27457055111834017,-0.03376273837180531,1.2790693152352899
0.20946655708663095,-0.19458489832024178,-0.19459001810203844,0.035623685561752126,1.1860270435102622
0.3224732288259289,-0.1277568494115632,-0.12776266375083772,-0.14491860554860195,0.7774204800549023
0.008737792798486577,-0.18049469883901376,-0.18050013501002637,-0.19136216358632574,0.9916712481115445
0.050018448358904004,-0.12175030674542174,-0.12175715155550859,-0.12876664871449447,0.6809647642308296
0.48322970279798316,-0.03842114787882259,-0.03842655010120753,-0.0700610061742971,0.6745434946930443
0.13137861516366472,-0.05832945228173792,-0.05833790029845389,0.07062458095759752,0.6663823315980383
-0.21361071646374394,-0.26136762902611915,-0.261367935523929,0.5385266857587745,0.4717345334388175
0.09628879091785576,-0.5736842929474181,-0.573680989779136,0.595873202068848,1.5600529070540594
0.09917949561014507,-0.7273813359944666,-0.7273746711865138,0.12006966991704125,0.6070436484904348
0.0756034192560711,-0.7855033640736994,-0.7854953493814091,-0.25825404186890777,0.13964048816267854
0.026840806730940397,-0.8124672021512729,-0.8124580894197889,-0.22643385144692493,0.4434648614892742
0.21199254841462054,-0.8447240898858652,-0.8447143423998462,-0.24876748018009348,0.5467658130456587
0.2431212865737089,-0.8432327090300428,-0.8432226815735323,-0.24569082391714245,0.1233486264272089
0.0535875989484418,-0.829737870720991,-0.8297286836430512,-0.2807400618231571,0.6786253830803866
0.08437862083622463,-0.7985383480106504,-0.7985300406235439,-0.16385595971524053,1.021729806931442
0.04038384316527102,-0.7783306837404167,-0.7783224718688821,-0.20075580356884906,0.6153869675638834
0.19019208422811734,-0.7732385656802052,-0.7732306472692454,-0.29338609757653666,0.6996665335521723
0.2825881180651959,-0.7640420156081856,-0.7640333633253293,-0.2632521245391129,0.7033160180666729
-0.1297368752577893,-0.7560841929332882,-0.7560737042476037,-0.2798968498411743,0.11803593771732379
0.02145761664967253,-0.705788018414669,-0.7057812115575586,-0.3128303867592164,0.2984541217509725
0.31160285074232347,-0.6972138323570086,-0.697206232873265,-0.30161076702306666,0.5258483949402235
0.13984254939141863,-0.7002608097828995,-0.7002547539544033,-0.18028580171091158,0.731729440867031
0.05114451975273133,-0.3457073121658533,-0.3457090385604882,1.0813882038702043,1.2780254931756914
0.07836011814421624,-0.20069354128518443,-0.20069852390009707,0.3165490055364808,1.191995002890967
0.0839345780259679,-0.3148235838884715,-0.314826182882915,-0.1548559038406098,1.2071803475497351
0.13516749187969215,-0.25691865328668967,-0.25692246295116067,-0.16532650373702087,0.9688933621485675
0.25543862882762036,-0.1220895663347717,-0.12209604528831587,-0.07568582865129694,0.9134505316699627
0.11860949090719264,-0.09520861757872495,-0.09521632704970148,-0.06176778924181388,1.0352550857309422
0.016128979827849183,0.1741454049086822,0.17413200545052704,-0.060189160601563846,0.7173877590960404
0.09013549253810463,0.46745430697482554,0.46743396315599794,-0.383977632523965,0.09926690212804275
0.08321982825787058,0.23562662238014004,0.2356118423883582,-0.0655949854712046,-0.035256605156601804
0.18614516177284077,-0.04458773724141821,-0.04459631470297657,-0.05490089388531794,-0.06252146100059511
0.15011369305410419,-0.1555755088065999,-0.15558168364634506,0.0413104201040574,-0.2915859262109075
0.2462848216771493,-0.3278830181601355,-0.32788496567212305,0.10298054668193214,0.32243527574070713
0.14916286041408958,-0.46927124325504,-0.46927028463574527,0.6468204705831333,0.9604798963708253
-0.008333499797255561,-0.6296642746701349,-0.629659087578467,0.24935237180974115,0.6106400296414056
0.0781507015374223,-0.6952117708838489,-0.6952057388696402,-0.15000362632108308,0.45780122338465
0.1262930164530024,-0.7405212862035185,-0.7405143263437781,-0.2823920976649056,1.1701076137251543
0.2108699494311584,-0.6659426603141759,-0.6659370168459744,1.1117331351344535,0.3172237550536179
0.13829607399275626,-0.6637408763266945,-0.6637356405371998,1.44665497285444,-0.16299040893374916
0.11297665401130334,-0.7137967121156358,-0.7137903523444217,0.2208808892679774,0.7934400624945035
0.5846371339276466,0.5613690277854687,0.5613505157777994,2.015018087627587,-2.854072671599272
0.0917535665252308,2.28612089482447,2.286059892768706,-1.1092019954821866,-0.27269041228763613
0.2524080916573688,2.22958276480164,2.229523032284654,-1.0519674238418257,0.11529666601864642
0.8441909148398978,0.44466784888570376,0.44465768916943543,2.658030678675788,-0.6904113805669748
0.18554089056170142,-0.7453773197131686,-0.745370071694028,-0.2891026295666276,1.0739343630864
0.010604154384950906,-0.7104300891051646,-0.7104231780124038,-0.23803309722278412,0.7984552721307172
0.038935524908796,-0.6802813038558202,-0.680275338419701,-0.25472403494176704,0.8416120374925066
0.2524600803596751,-0.49944331453744434,-0.49944123061932133,0.7399750767967743,1.2623118055757034
0.27335273748127187,-0.33920629954385095,-0.33920781367723923,0.23022292235238853,1.2744349434626687
0.12720889033238716,-0.32878571018786995,-0.3287878165496152,-0.11804856641566061,1.0575602733011318
-0.09312925826149125,-0.239037308499975,-0.2390402658469943,-0.17209875613534006,0.9839982600828996
0.024767485383420555,-0.17589427432302918,-0.17589972423489106,-0.10425990396146594,1.5210465497022043
0.15723003649496223,-0.1986329064827125,-0.19863811448758004,-0.03453300726911898,1.4581732524819457
0.1996210837468638,-0.07446936004223284,-0.07447717696547368,0.004022391351693572,1.0614090904021436
0.16499311508405448,0.03670890918571215,0.03669841668415343,-0.12375435348384774,0.7229446207746423
-0.09641336858334285,-0.04329267555662404,-0.043300117822712335,-0.14089053142133032,1.1485107982191718
0.1531405372620767,-0.009485296266903281,-0.009494661938294463,-0.15062958246960031,1.7536334452832625
0.10041593784953058,0.12405893903010065,0.12404648512214088,-0.2567168811490612,1.4519167246779816
0.0838461726122987,-0.00640150899644459,-0.006411033472573605,-0.0940212184308193,1.400005973113205
0.12923313519251603,-0.16876892733002405,-0.1687748059173742,0.397848977057948,1.5707118510975189
0.23658097856989826,-0.07096391645005831,-0.07097181208648921,0.30468416962503203,1.3022105557643517
0.19942712629049913,-0.07192177846381168,-0.0719295630322189,-0.07518273465230547,0.7208566138897946
0.21784757597640933,-0.11868129714978953,-0.1186882108731335,-0.13313242388478436,1.0699716385604447
0.14410482540326416,-0.052617388372138876,-0.05262578553142197,-0.1241045358375718,0.983321078796738
-0.12595013225330084,-0.17834145727429584,-0.17834524016196185,0.07774025009785908,0.9279356740340903
0.06646630224345565,-0.4837364374301984,-0.4837350644416927,0.23397887278384397,1.5541602693135557
0.10459193703013164,-0.6445073295125233,-0.6445025256038408,0.3411712735837614,0.7818450994829438
0.2935788354279558,-0.6835324818793135,-0.6835255478428799,0.19222326520592847,0.6339593907410281
0.2629703330717011,-0.5108510525718349,-0.5108485333786758,0.6955603938358523,0.9872441742856137
0.12821361762151626,-0.5285084036328462,-0.5285062044288918,0.7568949210024406,1.0092604791200965
0.026362475791745478,-0.7742899748536936,-0.7742817641548407,-0.24075559232176855,0.7929107395008329
-0.0230672601108684,-0.7973947351024114,-0.7973854682384284,-0.07554152172840486,0.4234541478032028
0.1704786104786808,-0.7914290325557904,-0.7914209295850547,-0.12690463026779092,0.6500652611423593
0.08659144126927874,-0.7877384650007895,-0.7877304896799481,-0.2738456950910026,1.0447360461687807
0.09249700086491928,-0.7998430823553311,-0.7998347456709902,-0.2652878285142791,0.7430854340877758
0.17653375556308026,-0.7965184637660334,-0.7965101121748823,-0.27641541182681467,0.6987192575467296
0.04838468697576325,-0.7830140871395936,-0.7830059044437828,-0.2698350981237028,0.8299146428746101
0.16728033331968875,-0.7946707170427285,-0.7946624517217425,-0.26042799909375836,0.8658307317286168
0.1465036441896044,-0.7652623828638568,-0.7652548226738738,-0.2035761147789295,1.073543935490811
0.08329590840993344,-0.7171881437074823,-0.7171817077831674,-0.2038127949066852,1.3509873581949374
0.06450906301024084,-0.5211733032189706,-0.5211712687214614,1.0563015516103405,0.8212039042164657
0.18579994673646302,-0.36980522172457686,-0.3698064070112791,0.42955738108806946,0.6731980408316468
0.05981215867739304,-0.36908398163137857,-0.36908527267286356,-0.04503514815111363,1.3248253581898364
0.005633970843452852,-0.19889800901293317,-0.19890276326676756,0.18191683712294524,0.7226176569220973
0.18919744125851026,-0.08596549544058546,-0.08597323334248454,-0.001949079934956313,0.5365702393262858
0.11451775089250756,-0.1706224955615939,-0.1706283325278868,-0.033651009706818516,1.4503928975378872
0.16799385210035972,-0.10301687227204513,-0.10302422729279666,-0.03310315463098498,1.3740316403000676
0.27321962670756894,0.011813632118017515,0.011804235986854466,-0.058695299373963304,0.34748858189344434
0.15416251841077735,-0.06565604433738015,-0.0656642382790478,0.004110923196372856,-0.01735862824639197
-0.0193707074518174,-0.045680210438591044,-0.04568822601121823,-0.08136439728449993,0.7548764869922803
0.048083392544934926,-0.0299710942897047,-0.029979910401880437,-0.11519676224206314,1.3460603849897936
0.09535532545878125,-0.1370801292404282,-0.13708671938576553,-0.22697156606831972,1.2164025962673894
0.07059950152997671,-0.09001681738468395,-0.09002419563697164,-0.28856656281316756,0.5137028116549527
0.2897913025398688,0.018179137939944242,0.018169598874154983,-0.20861203573788703,0.536927179603284
0.15161579776743941,-0.054557562734358515,-0.05456600588753642,-0.01755977541548118,0.5176195494776807
-0.056291610748122146,-0.11358658180127529,-0.11359271432766029,0.02870219543148059,0.34859532330157855
0.11485904664443877,-0.11759992959915297,-0.11760695716378299,0.029960760172374496,0.6755575398426512
0.11193674404364927,-0.14835459951638347,-0.14836102605811705,-0.07470833033203744,0.8810764417935465
0.1626313836407688,-0.2539311448067672,-0.25393511111407824,0.09517792820414664,1.0968561501080538
0.1678477415865231,-0.46212126680399074,-0.4621204687342642,0.4421432858478223,0.7918639483187246
0.03461239964973158,-0.6235192696689524,-0.6235145787992804,0.9636610984870383,0.26505089753476674
0.20136083827652776,-0.7818725789304966,-0.7818644218667492,-0.19529041367367309,1.063797583472209
0.07777758411938059,-0.8067511527475539,-0.8067426161657114,-0.23642320207809053,0.7413452973952998
-0.11386807272947957,-0.7658868067965252,-0.76587641145626,-0.2234748837916685,0.6531580083766453
0.22103027345078657,-0.7312696557071456,-0.7312624557904156,-0.26621428397193275,0.47701347021718854
0.29626583478219803,-0.7153781024454013,-0.7153704533296011,-0.32372488275974926,0.8485483899422653
0.03865326975016193,-0.7251631622221777,-0.7251561889837206,-0.3172750796319205,0.9824509620054728
0.08771908217207466,-0.7769598081056793,-0.7769518956955163,-0.26132262007208085,0.877054951364582
0.20009134146018756,-0.7616263583632155,-0.7616187454790775,-0.2862158799041404,0.45641735011613754
-0.04046449766065158,-0.7081883606148189,-0.7081809625011556,-0.24899913806657864,0.4466715666875107
0.05826624363446537,-0.641859259745282,-0.6418543361785293,-0.11459968364053497,1.3410468840464405
0.19585125143214488,-0.4658027886307645,-0.4658018183344343,0.5884266271121258,1.4153990998505566
0.14585152988277275,-0.18659698292569776,-0.18660246119192123,0.15414387214222441,0.8044137006566694
0.03909182953725711,-0.12895608011414922,-0.12896258400246355,-0.18106587657790382,1.0817773355207172
0.06703102285440912,-0.2362573143992827,-0.2362615880050073,-0.18670960821758353,1.3502530133975539
0.2465512689055833,-0.10108260897975609,-0.1010896491949187,-0.029590289098590017,0.8516031020657171
-0.08907426258034351,-0.013251095621020866,-0.013259391576848148,-0.1265938520211907,0.482795826089407
0.09294608559450979,-0.14370061712436108,-0.14370714816921698,-0.057646031721710844,0.12756681261766722
0.376736570215087,-0.10271854236388127,-0.10272420245006293,-0.000530693129630908,0.10987778344716315
0.2982955689165964,-0.012042281820214029,-0.012050873598385796,-0.06692906635368583,-0.036263524000058944
0.06836819320451308,-0.037850013137195174,-0.03785865233172259,-0.0015346245235530716,0.45301458807811573
-0.06594290095049647,-0.09443677514445413,-0.0944434272309576,-0.006814742975077749,1.0427023074762287
0.16490280420443154,-0.1791580805413742,-0.1791636362852158,-0.11431089612579527,0.9616654984564792
0.0020822951462549848,-0.06215597444514254,-0.06216379918106344,0.09199285837679469,0.13821193695323988
0.14795947275165874,-0.052888849780618204,-0.05289724084435508,0.07755756493624542,0.4759006806855202
0.2267190253859608,-0.06365622190586087,-0.06366419207369571,-0.014998144006864679,0.6954570306426008
-0.15049115913443545,0.025228178393845318,0.025219734880124776,-0.004408005309236917,0.447874659199151
0.07115918022159642,-0.05313684603270638,-0.05314532108745132,0.06331960353765749,0.7752877199836997
0.5304958039088972,-0.2625379313107115,-0.26253677857542684,0.15171516264128138,0.6544568637835628
0.09914117599738557,-0.4009679345903497,-0.40096859925138556,-0.2145249342208815,0.7563916202608978
-0.07181194125248856,-0.3803399126425515,-0.38033978666156015,-0.054915581844022496,1.3357495536007444
0.2184181181320666,-0.5692718583675596,-0.5692683855995866,0.5373590519510645,1.728915025436331
0.07056162815015926,-0.7872063791453703,-0.787198236652973,-0.21975912067451345,0.9493049464611422
0.07437168297903424,-0.7865503399447398,-0.7865421674035862,-0.25377281478502633,1.0028441097797047
0.11609268646401148,-0.7688807189355391,-0.7688731222772426,-0.2664136177618864,1.323460900125752
0.24210747610405067,-0.7657134601927272,-0.7657052629564198,-0.2706484239598627,1.2275571292570109
0.17722452415737794,-0.7605956827153171,-0.760588227314028,-0.2709903347191247,0.9925898376559174
-0.033834440415231266,-0.7699656241719675,-0.7699567493174386,-0.2856077627820936,0.7176897224158277
0.07434030818700509,-0.7897194347016968,-0.7897112805595725,-0.27439342830602453,0.4223016075401544
0.10246953775265741,-0.7898386860594633,-0.7898305292396023,-0.2732639710230003,0.7352990456274466
0.047310040081671806,-0.7737319161152459,-0.7737239866263196,-0.285215365589508,0.8232062689612588
0.13419525801035895,-0.7478316228168517,-0.7478244988067263,-0.27501171581166134,0.6522779901994826
0.17852371341626463,-0.7225197496615484,-0.7225131044587183,-0.1938915523095113,0.2154734146419552
-0.0035292533608298235,-0.31371857205811254,-0.31372065850718206,0.9053176764260983,0.9666429709342438
0.2765385739735863,-0.10602130790676885,-0.1060280581063158,-0.016175486829916125,1.0028656266095093
0.05600848959579227,-0.1646186397454209,-0.1646246115256486,-0.10615658120778526,1.0354923987491376
0.05745568970535502,-0.08818357965120872,-0.08819099906804131,0.09192800555452688,0.9554662491375898
0.5186669995315908,-0.07815061318400977,-0.07815449638118913,0.14580404120520404,0.9175838048518032
0.21433019353726393,-0.12072849770241921,-0.12073536545677753,-0.015888067641797458,0.7250752977719113
0.035974005100248625,0.01158310039072428,0.011573530316740414,-0.046857835689210134,0.8458517486821601
-0.061126006118264964,0.04284442065033933,0.04283450685581266,-0.05424899623065783,0.6399373452134054
-0.10223107670965605,-0.028447560795926446,-0.02845533640252038,-0.06343101797931276,0.47289711946901514
0.05722633110225417,0.04394047631413677,0.043930000550236215,-0.14397926112419546,0.5871821416944015
0.45533813330688816,0.09328770020473136,0.09327826580238832,-0.18445714295505825,0.2739046158063312
0.25929093217079063,-0.06008602522944664,-0.06009389644516438,-0.024405827070822037,0.4240186868772931
-0.15026660651141163,-0.137671415356819,-0.13767602191268727,-0.1214621883458845,1.5148724427373
0.05974257711311847,-0.025481547115751596,-0.025490553598383897,-0.1369147339589943,1.888498846756204
0.17861233938184776,0.01446071670693704,0.014450723778729559,-0.12200025859377649,1.5205623948010916
0.10095533345874401,-0.09019773194922642,-0.09020528525846645,-0.04307592986240501,1.4465841230834882
0.19988629485875717,-0.28258639972031446,-0.28258972258651266,-0.16482990747374082,1.8330854989000296
0.18154663385181563,-0.17343571704022942,-0.17344149083687457,0.17149038519311244,1.5623537639916234
0.07553518151973695,-0.032663407519759845,-0.032672342296538336,-0.05218979007317123,1.3967554149004762
0.20090682446811758,-0.1644863571653074,-0.16449224235622759,-0.09256243774954988,0.8565457921031734
-0.020945868704349495,-0.39207723760640556,-0.39207738542688525,-0.08044412716948633,-0.3885205215386159
0.03944499982987764,-0.517767004390632,-0.5177646881414426,-0.12253150716559578,-0.2775197704347247
0.2310559274459718,-0.6566321878034939,-0.6566266638381925,0.03494506721216943,0.09300552043270324
-0.018162729232109147,-0.7670867987732689,-0.7670782124606312,0.13367971236332807,-0.16247358443957835
0.10738168793067436,-0.776593411331648,-0.7765856414882447,-0.02667767431757273,-0.0878290325099522
0.18583031109297973,-0.7918648844015063,-0.7918566373044277,-0.27586746300587806,0.2157008170488905
0.043140316372388014,-0.7941413180372777,-0.7941327959247494,-0.287466563228585,0.5183480199583615
0.14623921270308107,-0.7943075892694921,-0.7942995112216893,-0.2430821557418577,0.5673536743730696
0.10739334127831049,-0.7938750064245712,-0.7938668037507437,-0.21923072553882827,0.3550387968116147
0.02163621240877917,-0.8059075266382927,-0.8058985612014297,-0.26293621686192065,0.20976917713013554
0.19194181488504905,-0.8081957824139253,-0.8081870790540788,-0.27810548896687576,0.24974433380428526
0.16012253381269118,-0.7791200802611481,-0.7791121641228537,-0.28882538970417,0.09425532054689793
-0.0009968762855660312,-0.7334596175547657,-0.7334520997844445,-0.35925083931417234,0.30852300717069125
0.041100611239836146,-0.7179217433105355,-0.7179150222346012,-0.29586740287487995,1.0201918003701558
0.2587957879949974,-0.6006459367641841,-0.6006414012664976,0.4123754262566722,1.698591479148028
0.35372151638057314,-0.4281886803057401,-0.4281869425438436,0.07688176828084203,1.0872012974768224
-0.09071229651567655,-0.25189666201065486,-0.2518994201662163,0.18628345427251872,0.001195995220075754
0.06111683608855556,-0.05219797109206342,-0.05220619854986749,0.12126619023900782,-0.24424134398212885
0.165490603265072,-0.02797369002315702,-0.027982640545819306,0.013876337485790122,0.3650294077354453
-0.14809491901029767,-0.10812224545876757,-0.10812760508787005,-0.11195928719622565,1.2838921678046071
0.19135412610036553,-0.23140907275454115,-0.23141327610608484,-0.06281823406896975,1.4342721384226118
0.40168690041548377,-0.17869880832010004,-0.1787024040642968,0.10550117634534986,0.7413252002343667
0.19536171850737016,-0.15516451032309228,-0.15517033615300893,0.03321686564729759,0.7181727752225002
0.04228696511375481,-0.3602483650717877,-0.36024967539383723,-0.053018181313631674,0.9595529072684801
0.08699211998288506,-0.3367175599797389,-0.33671966735460396,0.21003264650490325,0.8195775374489751
0.19176175219925934,-0.21582946277413423,-0.21583410551860438,0.13246271713004423,1.3099583509966302
0.08309724755577726,-0.2911679298345553,-0.29117097044662443,0.08062900602889225,1.557002805134712
-0.16477773249074007,-0.4296762995716067,-0.42967354324967555,-0.055674281498346696,1.3871675987532812
0.15330983906611437,-0.08469783962546952,-0.08470560599202091,0.6748734488661599,-0.5146375232906879
0.42391001900571085,0.02350805704404195,0.023500010393505976,0.23993609480498448,-0.8706622472827232
0.3312210973561031,-0.21793210199777963,-0.21793580193186776,-0.07503732328066667,0.4440972713282133
0.030648958658418806,-0.15412801316692887,-0.1541340413902412,-0.016840509703028392,0.9103236551952906
-0.20365116649335385,-0.20384441024318883,-0.20384645619778297,0.10233876383618135,0.4838191972693791
0.17035804551849812,-0.33134386004283367,-0.33134608808176114,0.24862502793507874,0.630925448350447
0.27397034438953,-0.28626012968217973,-0.28626265357915526,0.12852998582712283,0.7940218207120003
0.06283474059140177,-0.3082587137988856,-0.3082611915256283,-0.10937367483850306,0.49251512190276353
0.14532322726546076,-0.36802267589383975,-0.36802425944544076,-0.10949904702791691,0.37502051351235566
0.16074663674418047,-0.4377437457252169,-0.43774358460163093,-0.1410067999916144,0.5392968184811308
0.014279975164096423,-0.556485049806028,-0.5564817746005479,-0.1783460376220156,0.4755768068985307
0.1253419597648612,-0.6422663175155026,-0.6422615639277562,-0.2680039183582392,0.5541105545531904
0.15079650895671623,-0.633065558045199,-0.6330610110564493,-0.28652182419826655,0.8170685935073515
0.04714555451593973,-0.6470172951913862,-0.6470121662435675,-0.2639422889385067,0.834966425925872
0.11621000020688216,-0.6742272935069027,-0.674221911809189,-0.2677105320901358,0.7806133093365667
0.07178014157059139,-0.704511764679654,-0.7045055238381857,-0.2590755453207936,0.9148404037814059
0.023751223197138148,-0.710157284271701,-0.7101506479836162,-0.2449865726031189,1.565479628842594
0.18505662523728864,-0.6654360099717913,-0.6654304674398545,-0.1805791307889842,1.9271320051503618
0.24526754392624014,-0.6565477311528188,-0.6565421195242996,-0.16715528524204332,1.7126129068822589
0.07229768971754418,-0.6701539393930629,-0.6701484700414104,-0.22138119805198667,0.921243149143916
0.13632236260904257,-0.628001293662994,-0.6279968603900676,-0.04800596939793067,1.0682889549503392
0.11353162289373868,-0.20548356784727617,-0.20548853246390916,0.642068710652295,0.8873681249669979
0.09349119503702719,-0.040851672360284835,-0.04086033371353259,0.010768110972662578,1.0694808634933386
0.10854462611564236,-0.1554603325046189,-0.15546624125163347,-0.0960417588492089,1.6585060077705442
0.09324323570100272,-0.1672958170539871,-0.1673017287193789,-0.09238764292154085,0.8510353901008707
0.16166374289327018,-0.16124252319839458,-0.16124857078783056,0.12293172186411494,0.6644875669664806
0.0679866742972865,-0.12624325726266822,-0.12624991162587793,0.08827965007662432,0.9469666230514436
0.152254803340459,-0.04575087459276135,-0.04575951549623795,-0.09287454382629164,0.5390821365166764
0.16505474139208626,-0.049415021456405805,-0.04942358008308038,-0.034258547041560575,0.6951117505968751
-0.05939700221212447,-0.10440140606078877,-0.10440765527659004,-0.11014479478687127,1.0387764968147173
0.023242076539370205,-0.13935696590369495,-0.13936332580435992,-0.12667408264314503,1.1694251542123113
0.17603177940707082,-0.236837315745806,-0.23684157632785613,-0.07054644905705998,1.2409924085030186
0.3428589961000393,-0.22039451043220085,-0.22039779683537525,-0.14267961722396771,0.6188396395788873
0.09774697246108444,-0.037346855699769615,-0.037355595752129954,-0.04627962832567512,-0.013134763856167075
-0.0316959075088004,-0.01357298024724149,-0.013581537654255075,-0.05245413254610708,0.4931465413953756
0.3397973046896725,-0.20614829452947134,-0.20615199038479617,-0.10673339036296021,1.3644377693441823
0.11807614637054688,-0.36276773472554014,-0.3627692571552187,-0.07798655793740837,1.0351054958875876
-0.11016614475866683,-0.5502136732946626,-0.5502088372767403,0.06512608776495166,0.8206176791054608
0.04349617945000369,-0.6674145167268942,-0.6674088402088061,-0.2600742085277189,0.4575545175043732
0.06605094656934721,-0.6600447559484255,-0.6600394240343749,-0.2946040501606082,0.7038733343995968
0.18650192244545483,-0.6487033831082558,-0.648698305859731,-0.3788671464064163,0.9015922344634599
0.23853708939797225,-0.6360754569415252,-0.6360703050088958,-0.3348614540006453,0.8501791625318302
0.09222550915259438,-0.6355187416280619,-0.635514049994502,-0.1475453087551702,0.4527020424086979
0.1639589189497044,-0.6857294295368516,-0.6857237000040909,-0.13464384023036546,0.2663505521612696
0.1910935055457496,-0.7385597066032169,-0.7385526116705724,-0.3004522638922929,0.6679920495366556
0.03525073843789522,-0.7754824436505257,-0.7754742957349663,-0.28691052885442053,0.7823084572799439
0.00896983392835402,-0.7974609211733009,-0.7974519215021025,-0.2519180532144605,0.8716802346385353
0.1438000572797921,-0.789498351730126,-0.7894902473321496,-0.013112497791531855,0.6891793113140721
0.31413031412611037,-0.7899312928217093,-0.7899214322889679,-0.055678913527360346,0.6801493605274458
0.13108998195142785,-0.7744219887488102,-0.7744142676637435,-0.2689609898274975,1.0405956093012356
0.03005543807080295,-0.7268033050045868,-0.7267962949374468,1.8443554330961562,0.9256621463757789
0.1765342017960223,-0.4109253110117695,-0.41092566252465423,1.313745696407806,0.9381687701578636
0.10441322201911807,-0.13130447654824243,-0.1313112859429686,0.06919551788893845,0.844820762604806
0.13652203005187552,-0.062128658137129936,-0.06213693128469922,-0.10141769366607747,0.8058604267324052
0.18701397731101752,-0.19034191441172701,-0.19034721902751084,0.0036388549704800275,1.0556646960065426
-0.026309568151366782,-0.1732901793336049,-0.17329550859996234,0.14058636708321423,1.2994478678980628
-0.010092529538370507,-0.08585085650859815,-0.08585805962673661,0.05154375046998123,0.7637312152035911
0.11989422439863039,-0.34002220631760444,-0.3400242394880932,0.29371567835428153,0.6643142612741548
0.0410006601899306,-0.38819894880027545,-0.38819954194463824,0.5102659427968507,1.2403767473323861
0.09389041964673613,-0.19689612666310474,-0.19690137366659724,0.1358712609198536,1.5003610897002349
0.10850641806111838,-0.21550381655795778,-0.21550855617432466,-0.08492519532128863,1.7971063374725
0.291769160812475,-0.21327471626246386,-0.21327887901471307,0.04939765703182558,1.078162676025675
0.25990124547854765,-0.1404834725338015,-0.1404894489006387,-0.0368416025125013,0.9990478610010587
0.058140862435977096,-0.24103202591655423,-0.24103601318892814,-0.14112295638733152,1.0850825859253834
0.07914489314497307,-0.2112804466542127,-0.21128546022379746,-0.05001351755128496,-0.08198469533768726
0.16965999358192782,0.00477390607734041,0.004764130662193981,-0.0027951551181998485,-0.008880231725904445
0.16830242987346064,-0.0927863327704993,-0.09279400707315849,0.14927925057700225,0.4489576843848033
0.06762834411570384,-0.4091980247287169,-0.4091983254673989,-0.07434952665028385,0.750563414307073
0.14811802136761582,-0.5713984105559242,-0.5713951587161232,-0.12032063354105559,0.9316933057904065
-0.020075940148374743,-0.6577924591815373,-0.6577863718049264,-0.16645153470654045,1.1573983290706606
0.000394980680953625,-0.42253984693206526,-0.42253948984739487,1.2713910780011177,0.5266051324596946
0.24822771990684708,-0.11312919037497904,-0.1131360496491232,0.2438332769873864,0.2908192701599512
0.1652406281871369,-0.24298312680197892,-0.24298724938255192,0.3303408669685458,0.42698427290247903
0.021233741069733223,-0.6101799551922413,-0.610175474291339,0.3832714315503568,0.47376318711844856
0.10981994704124351,-0.7143125873095786,-0.7143062159546146,-0.24655378501963116,0.4391527584327486
0.1428187474427467,-0.6944948297506002,-0.694488903394643,-0.27757552241743,0.6113081111739446
0.17456149828326395,-0.7038753394837932,-0.7038691129329719,-0.26656656422176583,1.125216635664987
0.18930030051621055,-0.7138693466264495,-0.7138628061049505,-0.312781746958512,0.8786870141512254
0.08588151030404415,-0.6920700372157372,-0.6920641653074272,-0.32708864721104386,0.9455860247367818
0.1631666323610897,-0.6992413293432029,-0.6992352964066905,-0.31344644090819596,1.2453846670456177
0.13142825216707524,-0.7357219452282029,-0.7357150931355477,-0.32796917509066,0.8980432864110982
0.07501124762550995,-0.7388642162663082,-0.7388571144960334,-0.2745201295152617,0.6953007758412841
-0.0522970155166941,-0.7628943724249939,-0.7628853428935138,-0.21321923780672175,0.5989846439174802
0.17304729142479341,-0.7533114981083435,-0.7533042062702078,-0.21045018671732163,0.562322924348111
0.26163070074674444,-0.31757035061122063,-0.31757235057030125,1.084945570593079,0.6501497579413379
0.084929220995575,-0.09379040860371005,-0.09379797080063462,0.03434895012813651,0.8398530116615838
0.1585932011962193,-0.15167214273409754,-0.15167831566255202,-0.10805078743496511,-0.10419384346811296
0.12509567999337065,-0.1254667576217854,-0.12547360854026124,0.026443623409520896,-0.09269303458603648
-0.09267198746551551,-0.1465846818804981,-0.14658989432978806,-0.06569339418401533,1.3260083370579636
0.06690373875452428,-0.1263896905859489,-0.1263963416610629,-0.10811108446864758,1.3301690201375602
0.2591757425223697,-0.10275427746846169,-0.10276110102773646,-0.15972183395651846,0.8893743981204167
0.16368731696142255,-0.11949057636028747,-0.11949747191162363,-0.15399399292780672,0.06941470070182078
0.22096495930959004,-0.07622709729159455,-0.07623469562631148,-0.10735760776384785,0.3181581810436371
0.09180555779209423,-0.07534204891198625,-0.07535002535869245,-0.16782730289268313,0.9354781378862439
-0.15450692734959676,-0.055150102714067936,-0.05515656224962184,-0.17487414419013347,0.32584080906168816
0.10458487808660864,-0.06575456216955675,-0.06576284345870446,-0.14270858741900613,0.3275144962460886
0.2390499392762478,-0.08614623088179671,-0.08615369604639751,-0.1374604398333582,0.9349285498555692
-0.023234438461595622,-0.14528030578248,-0.14528608487888728,-0.0747118689854139,1.1483298997393687
0.21378698956070022,-0.33763153677734087,-0.33763335495029634,-0.10475358973388596,1.060663663651652
0.17417280887427888,-0.5243848054245964,-0.5243826092545668,0.09950767416497344,0.7569220335227808
0.029457332055023936,-0.653269684629641,-0.6532643257275201,0.14949262026040364,1.112990853867637
0.2302154605224011,-0.6969696872565418,-0.696963257530478,-0.34092611651626864,0.8067647323311409
0.12535887888961944,-0.7253263435769284,-0.7253198144725787,-0.3809639018572895,0.9457198282972848
0.020101283928631693,-0.7290797834211911,-0.729072543117423,-0.350370025636906,0.9399612296040439
0.027864136836695776,-0.7626202689473789,-0.7626123202866261,-0.3202063574338289,0.9760151546626383
0.1267688809293696,-0.799394020163937,-0.7993857831227441,-0.31455211070823647,0.8015974805424069
0.18857143286106726,-0.8017493576271154,-0.8017408885785493,-0.2876814459117742,0.8507374809294114
0.1843390724082392,-0.7903728766140244,-0.7903646182394957,-0.2663412035743404,0.7994088335867912
0.09330878321689885,-0.7669870270777738,-0.7669794729414927,0.259613247581382,0.9961873861720627
-0.07609629040762288,-0.7479991031315518,-0.7479900050483298,0.1910339144654659,1.4583248588587343
0.022410011104984345,-0.738531763363545,-0.7385244003793899,-0.22847691436263062,1.8802434979352067
-0.01499963523249655,-0.6027115870199304,-0.6027069155793238,0.44127184354501786,1.5260408252204476
0.14990741546524747,-0.27350520507360704,-0.2735086422943719,0.31356719199441563,1.528870555612432
0.3521074661835969,-0.12083203098787025,-0.12083773214192518,-0.08470499047212675,1.5847287821194314
0.1934447017883114,-0.11046105879463997,-0.11046806754015673,-0.012599072457092467,1.210184887041059
-0.00034801255490708,-0.09933758948691172,-0.09934475844537208,-0.004738101532146662,0.9489174773400945
0.22663824183610642,-0.26074374246344445,-0.26074710799860656,0.013447055284029443,1.1310148072223982
0.3042056216163432,-0.38388404687427174,-0.3838840204306182,-0.09761054084170194,0.9090758476171933
0.03849259511633727,-0.23804514436829105,-0.23804928826942756,-0.008020202395589952,0.5207315784497607
0.13854044936018003,-0.03136512161500354,-0.03137408554421951,-0.10729743880334504,-0.009336171840197773
0.004221730776798509,0.006209131768822187,0.006199682364933943,-0.048563762131264725,0.19606840572731887
-0.037815022906456004,-0.19033860063009927,-0.19034327840271076,0.1266685630635915,0.8910852950389556
0.242178852858322,-0.3965454691039423,-0.3965459643905268,-0.03221057998063761,0.9078179502711367
0.15966515786987276,-0.5674058410644692,-0.5674026788760556,1.1316063266297192,1.1442471232410436
0.10223300608324092,-0.7287186707854311,-0.7287118863885608,2.0742286388535076,1.547816237668531
0.12837339690433003,-0.7427190399160472,-0.7427120307067163,1.9545991427702927,1.3437394678932935
0.16723495604568483,-0.7603830633211468,-0.760375523134478,3.368220793097939,0.4244583071568261
0.11616708619000951,-0.8323049767425164,-0.8322960454801337,2.623955819619822,-0.25221012870931564
0.10513043504434667,-0.8735459294974566,-0.8735359378481842,-0.3179062893149998,0.3376809436325079
0.18911385208314663,-0.8719630166193755,-0.8719528366145773,-0.28393125007038417,0.48652887854109117
0.0012129205346220909,-0.8735532287732042,-0.8735424309231389,-0.22462168968325297,0.2795246038169503
0.058119345801587306,-0.29574766560578275,-0.2957505138222502,-0.1574921669369649,0.8525654825894609
0.17280594095251417,-0.26675297197955433,-0.26675665037839036,-0.14857635759623844,0.5536515854572762
0.06865548515336664,-0.25540756886443194,-0.2554114124596373,-0.0990322694556443,0.34159431972901444
0.11956738249073025,-0.23796444930757188,-0.23796877413998946,-0.15837296500180473,0.3131237821267138
0.0859556849901533,-0.23655439044412793,-0.2365587469387955,-0.16806006925481498,0.349905199841594
0.011794662841433507,-0.2082957145859243,-0.20830034737807873,-0.13415327505188376,0.4017838944463057
0.16047290617347387,-0.15581857916707925,-0.15582474854878664,-0.17795108622683226,0.4852709924294379
0.16598686045866318,-0.1430187841640334,-0.1430252409594932,-0.22904923571584093,0.3848838936659247
0.34492660361425515,-0.12496933213095922,-0.12497502994339597,-0.18638055729585146,0.575902741041866
0.18241511086845014,-0.11429295465798148,-0.11429996691962095,-0.12887885794777482,0.5251324428291722
0.09634212344810247,-0.183759848482343,-0.1837652113358602,-0.11842758639528841,0.5094839759910772
0.09998713363778924,-0.15479802398739534,-0.15480421628521923,-0.17593432911770474,0.36585894620048515
0.12383940670482786,-0.05281764825645421,-0.052826130478644456,-0.16194588959543849,1.0113029092488248
0.10903337556821137,0.0038252689151454036,0.0038155148012281276,-0.21555452463763392,0.7335463391027344
0.10582299882864114,0.01932301953318014,0.019312917424106842,-0.21511806524078783,0.3777337532462939
0.128421801317466,0.044568482713429766,0.04455781372861335,-0.28309621160294807,0.5171916134129899
0.15412229333206415,0.10722224151112036,0.10721016566377883,-0.32897252224163726,0.6273881010659803
0.07205342590835591,0.11583753637329809,0.11582526707330955,-0.31909750383454477,0.34597494298681747
0.101077462798781,0.15365709915924353,0.15364398063765008,-0.3909125120872771,0.2421134337662284
0.05710453515464514,0.15927709367659026,0.15926384896049822,-0.3761768541467959,0.37008575806160876
0.014945087928783227,0.15985010921319562,0.15983720986891053,-0.35947316004847507,0.1862492235466519
0.08147995832313538,0.199244703450648,0.19923074039881222,-0.4472527823343561,0.5085639294753102
0.1406306890911408,0.221866368075038,0.22185171794438957,-0.40925902261599434,0.2913265324925304
0.10939775425780454,0.2098283845997141,0.20981400477667617,-0.38753384385925,4.476557885122033e-05
0.10161685840799442,0.16256221557135167,0.16254889708929612,-0.40507854982078256,0.1486869426117215
0.12336499873663033,0.1806319981025205,0.1806182738714665,-0.44092615047313255,0.22320708485963237
0.020618380713528166,0.19528858555709833,0.19527471133814533,-0.44261351461202303,0.22774392077609576
0.11552315089703097,0.21000912004092534,0.20999473615955278,-0.459974682899729,0.3259024510986207
0.0024585464531196237,0.21005318438040796,0.21003915774820828,-0.38530241714312863,0.484840680313256
0.13942954413392739,0.20444142953629782,0.20442717067496033,-0.4500746953645235,0.5118994116737289
0.10593101284618929,0.1902527122228932,0.19023895108225522,-0.424689099989779,0.12374677121104061
0.1237678084369337,0.21359893072210928,0.21358446623312088,-0.43656997118733926,0.35363982007115
0.11830169724743674,0.20328178508991365,0.20326737314857174,-0.43041314877933606,0.3693269433844356
0.13999291707010472,0.19774042571497696,0.19772631732172533,-0.39202456257439877,0.3431733843423743
0.023942590450793198,0.1667056964693681,0.16669264318589433,-0.4453745115505173,0.4333592695099115
0.19327001954339773,0.165364779211779,0.16535139779939276,-0.43286655046312567,0.531977247000505
0.11370025406608472,0.20105152049276676,0.20103751686965107,-0.42127435082222164,0.11909205028084424
0.1119374159576195,0.2027809562557941,0.2027667346796519,-0.4562545896102812,0.3298886347329343
0.011545469953425551,0.1886386318851781,0.18862490698800233,-0.40967486532150554,0.17687184206233778
0.19139524620952,0.16954659250267867,0.16953311718951905,-0.3929227696121964,0.17561889676453804
0.14415300573822015,0.18398518686314938,0.18397138733772045,-0.39331039635537746,0.1984113245423106
0.20283985941106172,0.18749098870198636,0.1874772895746322,-0.4052580232303304,0.26718239936045235
0.01955863389640986,0.20795385893839033,0.20793987944561768,-0.43543442515627007,0.388147556185357
0.1339455047666163,0.19494484788446764,0.19493080226468337,-0.41091877427733997,0.04005392926445793
0.1593226304893759,0.22407585436576222,0.22406133374138254,-0.4022017172564205,0.19932397083443984
0.15072479881001694,0.2033016677796802,0.20328743451119036,-0.42774181457038685,0.5482694717385121
0.11810763143853298,0.17194953199113147,0.17193582360171616,-0.38172072572950805,0.23066303296621835
0.10520786030662854,0.18781645579483158,0.18780257023994829,-0.401332194955001,0.24695763976323626
0.1958111417585029,0.19739364294571535,0.19737972145862695,-0.4240370178995245,0.691440270103538
0.08417211756633973,0.20375717841099855,0.20374293491421833,-0.4116860178912183,0.43849543593102913
0.04977721072713885,0.21028711945099457,0.21027290844657695,-0.4210098535113926,0.35599661582988795
0.20712342381171175,0.2171102853842144,0.21709574204930548,-0.41839980564323664,0.13526402703798815
0.205015819464368,0.1685442183411146,0.16853112377444296,-0.41491548735379186,0.4192039967088249
0.1100798969641678,0.18060602521949212,0.1805921224523387,-0.4145177133333112,0.3444535031055111
0.14138756812162648,0.1768505254569203,0.17683688613716703,-0.41070291481885635,0.4075510825619459
0.11200890170556921,0.1989907065669636,0.19897674921851585,-0.4383528828118542,0.50797658609038
-0.06194461275678937,0.16494115253341965,0.16492849711062002,-0.39289447389549975,0.3753213662533678
0.10455507280354809,0.2011627560814607,0.20114857084128981,-0.42780617770973284,0.5149165151177001
0.14260081522397525,0.22313527775347256,0.22312059913001686,-0.45462408228608214,0.37592313117590703
0.06821345808502056,0.20783062208650396,0.2078164662416514,-0.46626427748880644,0.35166908190649443
0.18767729488570756,0.2228891622963623,0.22287448919932065,-0.45756122029132923,0.3956757788615938
0.038888911518251454,0.20695811234008177,0.2069439760870508,-0.43957871975128315,0.2998548250178239
0.16866983345819836,0.18445216138766643,0.18443853049583958,-0.42208480950527205,0.536763514395096
0.15093197399387204,0.20949449871030104,0.20948012638452354,-0.437323428638326,0.5987965478828517
0.11568931688882787,0.24945351056445972,0.2494382409766919,-0.4750187202689679,0.35375626593278214
0.14022821646981629,0.24043805418031378,0.2404229870306435,-0.4597056951724402,0.49729329095705666
0.30773129270415933,0.2081673739492167,0.20815374790067684,-0.464374968564017,0.6246803464760138
0.2448147662343706,0.20445181868950918,0.204437917833506,-0.4255856778981322,0.6440439767997006
0.17372091851917915,0.17402019770015228,0.1740066219341607,-0.4192474858212892,0.5864175522928919
0.1937550747514091,0.17374470601672026,0.17373113643677296,-0.3825541874471322,0.3569420344379533
0.12418753732210211,0.14948764537819875,0.14947462047985133,-0.3471907447349234,0.2675663543047184
0.15230051913600515,0.13600825645646564,0.13599571335116148,-0.3672189576903328,0.4687159058455907
0.11112473729292012,0.1583049913580041,0.15829194758935003,-0.3779066921503253,0.3065214108752544
0.17275328033623766,0.17773915630315318,0.17772567614889523,-0.36782489207078567,0.23413476406051684
0.2271907500259676,0.19879402914927286,0.1987800762171298,-0.388985759256883,0.39803330566668654
0.10717204820740939,0.20986313452597274,0.20984875392264055,-0.4076232680882929,0.6169885685270898
0.1605670254204471,0.25817753328869414,0.25816224692615225,-0.439899539361052,0.5618324257637277
0.02158893223337868,0.22588965721779897,0.2258750958652761,-0.4396881789038211,0.5056134920571678
0.029351231197100904,0.255798417203295,0.2557831842627556,-0.44791396373121317,0.3549771122145458
0.22981556399872194,0.24263052375457111,0.24261558649327244,-0.435371507519328,0.27523607375962145
0.13005869915398682,0.220402572212225,0.22038795495046717,-0.4441224727668936,0.7160496606667324
0.12170658795227061,0.19828693099856023,0.19827263121446434,-0.4157984411178865,0.340993860096218
0.147866697332626,0.18911563731624406,0.18910190170812166,-0.41674927123729166,0.3200122310523092
0.2355328851004161,0.18170028964997725,0.18168672055021676,-0.4120208358904699,0.6189931031568336
0.05945438756926652,0.16479534614179828,0.1647819775157805,-0.3937230146032772,0.5284016830879131
0.16394289559670472,0.1153995798284403,0.11538714124326377,-0.37224277401425965,0.4920254297211228
0.03215946229638174,0.10279126766647953,0.10277964955331992,-0.3215279390056388,0.42863475335586565
0.22791625298214557,0.0874550862932144,0.08744381254724468,-0.2919006876678675,0.1427584168426953
0.12056191358153219,0.053619226393828046,0.053608533297862526,-0.33151209442129403,0.40912908291707073
0.15289873799229825,0.05189695556404991,0.051886122021607306,-0.319167587329728,0.6578548020383106
0.22345408769327463,0.07008782546713033,0.07007676257603485,-0.332737405191677,0.23921684234861715
0.1292385137099742,0.050577712229539676,0.05056690831012439,-0.3050908544734366,0.5632074037698933
0.08750350549903468,0.04143507828022032,0.0414244796546187,-0.2919827660043429,0.5078372064550011
0.14130644605022985,0.06596440638221171,0.06595325696136435,-0.323761836843462,0.5768303962638639
0.06015143419943862,0.04547430939946076,0.04546362007470556,-0.30348729397766533,0.3564783994293261
0.18253298304363766,0.07384242961304603,0.07383128241397013,-0.29480643486554253,0.331946631739654
0.05347969777140773,0.02660492031768044,0.02659465469673616,-0.2758833545158544,0.43075171802701223
0.11550264598043221,0.048917059825704726,0.048906293195506864,-0.2605774296143009,0.3852194673701726
0.1674426903029961,0.07073392332287758,0.07072266680463056,-0.33775866127746706,0.3315646749564012
0.14459693699024137,0.05008995939859991,0.05007916643145936,-0.3338468721043586,0.37350975253960195
0.16616199150107608,0.0795272667762981,0.07951581280740147,-0.35175555850515,0.44924363000938405
0.17858657071172276,0.0768685391708486,0.07685696578319884,-0.3119163201320824,0.35417070702548403
0.1462489605847635,0.06693328448083573,0.06692211330425792,-0.28205019700995565,0.3775912576368847
0.14657165752718895,0.058735167857093075,0.0587240016462998,-0.3117839240574919,0.13284334767816353
0.10439450972795894,0.04522694007903189,0.045216256308845695,-0.29854828840169156,0.2037635074750724
0.08818643167760366,0.013452252352111156,0.013442282068526054,-0.2718710037695999,0.45330681287271507
0.17497618717251645,0.06551928490410472,0.06550814547826388,-0.24374671906466513,0.370695729172103
0.22228924532463148,0.01739618985913715,0.017386310135483595,-0.28175020688416375,0.5955231335932046
0.05099034370669495,0.007831720464770727,0.00782205550705974,-0.26517532121793064,0.49485509627620256
0.1828469412576146,0.03808511373955359,0.03807476945523758,-0.27440019078288835,0.40401578691944107
0.22172149340714062,0.05463449743524068,0.05462360242250254,-0.3288641416224296,0.36480790968780874
0.04370447278077108,0.044080909005821234,0.04407043008856651,-0.3057073234039582,0.44462123015722743
0.13655822236448883,0.01410085793449562,0.014090873086758183,-0.2701297519119534,0.36149966384154264
0.10670324203342588,0.02046009443982929,0.020449966798240387,-0.3215544943109053,0.4576769023605442
-0.009975329277153198,0.021848837626856837,0.021839037040270258,-0.27728308264528106,0.3559293233478887
0.14371131590913777,0.011769209531872432,0.011759456159580775,-0.2652971071557614,0.23914161478607537
0.13005701840735234,0.020288673411842012,0.020278370500127603,-0.25458573420641617,0.2813918953554361
0.1686314010049248,0.007034173832468372,0.007024347664006223,-0.31267079273696086,0.03445972770900763
0.1123320461632153,0.015906241989964553,0.015896216603124277,-0.27716246829882496,0.3396544050660129
0.15354782740398537,0.024795416425593214,0.02478537055556998,-0.28278903903356295,0.4383599922992153
0.08576576414672422,0.05888025775538951,0.05886926740597566,-0.25892444276152166,0.26527073916032123
0.12700249942216188,0.012262156939417873,0.012252213378900463,-0.265784245142415,0.2913387483337209
0.1262241074438373,-0.012265648614258058,-0.012275041413717888,-0.30448043720090007,0.6600215060550058
0.19565696058335225,-0.007579334460948606,-0.007588742929871659,-0.26126511905414923,0.2397837254971649
0.16708671694942348,0.028102033120102246,0.028091913001459266,-0.3039273417762044,0.32415365875889646
0.02074118196753538,0.03925335610583679,0.03924298558915361,-0.30671677541322395,0.2616228549096981
0.04539369527658329,0.04852191375701096,0.04851115599964382,-0.28775322025896527,0.23544669424543038
0.05715327712761443,0.06273803694009379,0.06272713908525862,-0.31713068541863515,0.40145288004921953
0.12546431531686983,0.011950124096414909,0.011940008423148294,-0.26921189381213395,0.270658462157846
0.1580436114723814,-0.014004667475506211,-0.014013931666409827,-0.2531973689167068,0.3329787031162584
0.15736919962351137,-0.0067719360454285915,-0.006781452203781571,-0.2182477635680983,0.6376878011969361
0.18914746829811463,0.008228836890108025,0.008218983896013731,-0.24936757212310096,0.6918064950654278
0.18106101957034812,-0.03076326722207015,-0.030772155106006564,-0.26564235820132387,0.9089647881213552
0.1292598024193483,-0.004580630772824247,-0.004590106576316266,-0.2453936607215926,0.2897245595333236
0.1741517436019454,0.025095448005403757,0.02508521627899461,-0.24476313552371132,0.09204353449698074
0.09714572742736821,0.02122853353080674,0.021218567753566005,-0.22017937827114287,0.6503236832111312
0.23190300066873062,0.04438022409230685,0.044369738454063855,-0.25270122582619003,0.12059153652747383
0.04519234676654623,0.050573771516252614,0.05056296768532431,-0.2737684435299622,0.40286489052681335
-0.012560484938321853,0.03685847716728935,0.03684851866517484,-0.2612146099541457,0.3777843617801194
0.12567698093705948,0.004985898539851322,0.004976118364507631,-0.2359882596871183,0.07932678069147049
0.10777699133251893,0.02489285951778243,0.024882632340408436,-0.24781616369147125,0.49436480755178003
0.10860367504375021,-0.002281582816484951,-0.0022911998037395565,-0.2489571791461169,0.38883813437647763
0.13791545011597092,-0.011422515094157624,-0.011431837266154302,-0.2197894755874688,0.2836688447844922
0.1729857779572757,0.0019243225624651719,0.0019147902527690721,-0.2688042503610114,0.31783222883085094
0.2340882598062201,-0.022866973411450348,-0.02287594904352767,-0.2635408812753536,0.5699611547824297
0.11937208441212158,-0.03048723816864445,-0.030496221810346086,-0.2095432165533771,0.2044035734732404
0.18133172909274586,-0.009769833678562415,-0.00977919296079149,-0.24965750394837077,0.30889916854168326
0.17847429952932514,-0.04424050666382851,-0.04424918148195092,-0.23383237553648928,0.5950620778451498
0.17084097214408475,-0.03034098396869501,-0.03034979177516112,-0.20499183350054562,0.6710070789912075
0.18018738779386576,-0.03702309027857107,-0.03703192716059572,-0.21236900844219925,0.6882305060116021
0.15924553990180057,-0.03506348103491296,-0.035072361919099036,-0.162127813531672,0.35992818366660195
-0.031148661790186848,-0.04303751437128666,-0.043045678844143224,-0.22275412648952878,0.5205305454925745
0.15103461013510133,-0.04262356035281372,-0.042632271478752516,-0.25827070811932207,0.13440601502620908
0.09412751038960876,-0.05173583289748957,-0.05174451853067574,-0.22524144410349844,0.0998553164317835
0.1774560164720178,-0.07361897202721758,-0.07362689760520086,-0.1746710252510773,0.20154214779316887
0.08875518377237844,-0.03941895439544028,-0.0394277374793927,-0.16857792913442188,0.5673863811748329
0.14323444292067594,-0.045067071275790155,-0.045075817093423245,-0.193981700363435,0.6213421495684815
0.10827582462375547,-0.06381832852062418,-0.06382665328704465,-0.24730571063588966,0.3745150096644319
0.1136673123296441,-0.036775094026482893,-0.03678384691749948,-0.21837710947796257,0.993409181646187
0.13646219765156192,-0.050617565940619585,-0.050626097564688055,-0.21200892470339863,0.09811112798809463
0.07398904079578113,-0.03262086572859268,-0.032629622341319234,-0.2227666130836013,0.30886915551255933
0.05705164885734047,-0.06627563194010533,-0.06628354329024294,-0.18262317427660282,0.6872002414450068
0.025235281121891606,-0.06189149884658118,-0.061899687759803215,-0.18509600051181976,0.5170516018445857
0.07861692776692476,-0.040261192298884564,-0.040269866911101716,-0.2218812062669906,0.5307644739753634
0.10987664298817704,-0.07036519671542145,-0.07037328491514908,-0.20008842235212174,0.24433105524392887
0.03966337699931257,-0.08195913345262576,-0.08196678219630747,-0.19858504517493586,0.32640475681246034
0.055277493358224225,-0.04145693009651159,-0.04146566741861834,-0.1937991616421864,0.5268175846560997
0.1042173629436354,-0.059997359180487694,-0.06000576974508976,-0.19657878839776083,0.6367146891094717
0.16597128590316268,-0.07199324867297252,-0.07200130031551136,-0.17020085095317028,0.33845110258475436
0.06278947615791194,-0.09852347394647057,-0.09853092986450003,-0.1956199560595828,0.5973634316786286
0.1047541811729249,-0.07165819848190647,-0.07166607852854051,-0.17429633678686668,0.2507018015376588
-0.0031508683424261736,-0.054892881610421405,-0.05490095899554362,-0.19805179434490566,-0.0450018681963423
0.13964075208388238,-0.033331627106914015,-0.03334054687911634,-0.20149803189786453,0.1802749213701071
0.047027123267296064,-0.027494714235447533,-0.02750349639399082,-0.18434130170307397,0.5122699419629028
0.06405605450822885,-0.029958376533187357,-0.029967372050243805,-0.19358831029493492,0.33942301726613705
0.019808503827502308,-0.047320711467662604,-0.04732913800183534,-0.17744846512267096,0.6398821417859824
0.019982175636903538,-0.04935626900376231,-0.04936456027073365,-0.18668377469680866,2.947420992450972e-05
0.17014639261787964,-0.04853552590006565,-0.048544104275425104,-0.19374771674246635,0.26783868736665595
0.13921474965081457,-0.05604867490518411,-0.056057084576095755,-0.20648010253327842,0.25356271154108456
0.15478931156270465,-0.046989422866552395,-0.04699812551862822,-0.19574942177311058,0.2026913997763642
0.12005590850625858,-0.053302087305766216,-0.053310648209745785,-0.1925168181049002,0.20343456179825556
0.003660031214153867,-0.047372746795384967,-0.047380993041818274,-0.18256495994049068,0.1925930081327876
0.16954402430813686,-0.07237146758686502,-0.07237951073666495,-0.14832810909125912,0.1011509848116938
0.016418508070527287,-0.05168209589812051,-0.051690155820365485,-0.19284012050442526,0.037303723038014804
0.04407613353035828,-0.052739729607369085,-0.05274803445987914,-0.13045618925582741,0.3245354409765824
0.04054171730270073,-0.0500346986207966,-0.05004297465393006,-0.1778877157851664,0.4761189268946938
0.06297043130958575,-0.04237583278572239,-0.042384459914619914,-0.24105953528049345,0.26429428203208793
0.15727519065249512,0.01889222792157157,0.018881956366424847,-0.24431132744587725,0.6292552590670432
0.1047367011514707,0.06980928868706741,0.0697980529310834,-0.3044026855654288,0.307027780917323
0.1381241935265161,0.12427370790424563,0.1242614282930546,-0.34464088567987594,0.3274877464323721
0.04274423078061627,0.07619557281541683,0.0761847310161662,-0.3239460851299199,0.06561334697920579
0.24777101331344176,0.005144601811321257,0.005135265870638326,-0.2671189247418994,0.29884287689586225
0.1319776194155814,-0.024344472209102446,-0.024353593783904903,-0.21358099458907584,0.2776052201456959
0.06420093147008199,-0.03776045147158009,-0.037769182236829756,-0.2120698027888234,0.13768631826768846
0.12348735439883478,-0.07282814251983635,-0.07283626497485658,-0.1760855683825372,0.32536949476760324
0.09959799286674784,-0.07450984191509086,-0.07451774748898365,-0.1699960792878465,0.10755783159159583
0.1985720978114975,-0.08216790169517453,-0.08217545619140287,-0.22696569659012317,0.6222847147246904
0.11750627420544196,-0.06445278335984145,-0.06446100432020375,-0.2308624878355544,0.1797187160569319
0.0622554584250174,-0.07033358144745933,-0.07034149123778474,-0.1860894797862012,0.6634003473963924
0.08246653319598558,-0.05372777390243473,-0.05373614612850039,-0.17631204224989327,0.6803291632880928
0.10982499024285586,-0.052690112444618326,-0.05269868709022354,-0.181791707326442,0.10529484628677027
0.12046185546136612,-0.03829809015026746,-0.03830689840273223,-0.19012476566109623,0.200128714985269
0.07021316125533025,-0.04694410466375116,-0.046952718773772696,-0.21073446241900437,0.13169911753109306
0.17256952468816888,-0.0528615334726056,-0.052869925149718125,-0.209638446438532,0.25884523698850603
0.18702596405108163,-0.007168515100772199,-0.007177932794462824,-0.20867442448979248,0.16745823468084978
0.015765612856047034,-0.0018782866362202122,-0.0018875544406945128,-0.2690999059385432,0.25588121953442894
0.07625934064797447,-0.020187915307906236,-0.02019695109705188,-0.24712120808699545,0.2838877427987721
0.16244661755718756,0.002848330266616029,0.0028385980894253017,-0.2940982536391459,0.004088966463858163
0.14989721878606585,0.04183649366550714,0.04182588602630006,-0.25440095530791385,0.19486686814610082
0.13942808746547286,-0.027466950119106853,-0.02747582246073568,-0.2195642913446274,0.33365941107747776
0.16821917921963928,-0.018652111865938716,-0.018661271700527948,-0.2278539779945295,0.31137899648504425
0.04981474558541405,-0.07058327937119419,-0.07059109399500829,-0.15873102900987737,0.5581880372075354
0.1503418206697787,-0.0670198893813667,-0.06702796313884077,-0.15479608152474536,0.4414919484095624
0.10152005150514035,0.004951954668583204,0.004942175255434174,-0.22464610317165484,0.4630923670120776
-0.04049541596151013,0.1339452930506877,0.13393297538762622,-0.36429905104688226,0.42704880408791507
0.1698661583302705,0.03739978787426693,0.03738927985933193,-0.2919214635924009,0.5963936414425782
0.1590108008578237,-0.005663073063448194,-0.005672614120830454,-0.2329835415027973,0.7343260888173794
0.09903999652461082,0.22294934773565564,0.2229344941678674,-0.4554175850793886,0.15414413619248074
0.1601592864810392,0.04435478857927217,0.04434394527355421,-0.302641061896451,-0.12337619995625654
0.09798294505704479,-0.026459918750930813,-0.02646899282431403,-0.12230620556859778,0.08113829611233148
0.17882590544209134,-0.1522613689321792,-0.1522676181894738,-0.08796716531127044,0.5841702082216482
0.03986730545383069,-0.17360875017819777,-0.17361443052980557,-0.23824522464655476,0.3122541959421484
0.21015419179210573,-0.22006984939434615,-0.22007439692280464,-0.19299704863227485,0.07647035573062663
0.0600621363198853,-0.2178605422269532,-0.21786522892408441,-0.1992414207461705,0.3432003581427151
0.23928231892765747,-0.24585241388328946,-0.24585629291597724,-0.23759848246134135,0.28429061046511417
0.027923747402816897,-0.21718112743159712,-0.21718573982503345,-0.19776100830075047,0.2937426033508937
0.06495870681328747,-0.19961853261280654,-0.1996236289262194,-0.15917323592876997,0.16272062851037708
0.25364665991462193,-0.19693060790436653,-0.1969354958949798,-0.19728156543105088,0.24495011534323344
0.09289331213771919,-0.20318335558928388,-0.20318846141582336,-0.1656764987512349,0.40449289048451903
0.058091894781979646,-0.15855737490158864,-0.15856330366553645,-0.1338343863140558,0.9191937554213508
0.09294574963752467,-0.13045301379323979,-0.13045966318787755,-0.1784616623875218,0.4267517995579351
0.14341819985102328,-0.18827142782603742,-0.1882769580529936,-0.19266785397214178,0.2730627149024792
0.08116342529379167,-0.2295465483564098,-0.22955097264942662,-0.16985341203243018,0.163640342153188
0.09192679210168998,-0.21873770917998736,-0.218742465740376,-0.1962020480583301,0.30695149195576177
0.06989988008443782,-0.12198863033762349,-0.12199555935591372,-0.15310686868329423,0.32644894516883016
0.153096055018514,-0.15672136075647933,-0.15672750986662423,-0.2229759005757681,-0.1015513686611402
0.0654616882756951,-0.17481801178733267,-0.17482357542584975,-0.23689555101857118,-0.12406010225057801
0.08980529041921413,-0.1772366245672681,-0.17724213389690174,-0.23271301645756254,0.33334868750555924
0.06943712626530053,-0.14838657303100805,-0.1483929092951359,-0.20272845208167875,0.6045641052487748
0.20228119628406876,-0.0050166169610384925,-0.005025993414998367,-0.2291449221909167,0.2808902220884845
0.19131871982451507,0.2255419788318812,0.22552742528632316,-0.4658067048402272,-0.20891624584444066
0.1932269965328467,0.25914462015400586,0.25912913295664575,-0.4475265896180386,0.2240161864429585
0.13475504569565705,0.15604409667121685,0.15603074543133777,-0.3668706927677742,-0.1848904294091169
0.23346001511495257,0.16599565158437168,0.1659826142446427,-0.3104201933775584,0.06854534709806742
0.13507101901040533,0.061827732170782045,0.06181685475643904,-0.27235214719183076,0.17317740047100577
0.20323561161040551,0.00728217008455655,0.007272338347447919,-0.2532095655133446,0.3200146004886209
0.15900553582201893,0.013973859492653425,0.013964056615919093,-0.23214347651875314,-0.2061387761166124
0.08579691325772522,0.07310103814508434,0.07308954935500872,-0.2375198860472495,0.22658829008207937
0.07874365279335348,0.07438517330667346,0.07437383480121816,-0.22105743484476675,-0.04789417207704089
0.09543980966458611,0.31188139484146904,0.3118645443437798,-0.5391130678705262,0.027969220277057248
0.07250609588882566,0.26889842290948257,0.26888289581409186,-0.48022254497817285,0.0709983152055956
0.1223017828751281,0.1100083258050745,0.10999636651674784,-0.32954310229238404,-0.1316016629843712
-0.04961348344370277,-0.0029434435253804475,-0.0029521500542992246,-0.2323079558340992,0.3224771237754939
0.1034409868675063,-0.0860945538007368,-0.08610219924503276,-0.13739675490033554,0.24390786112142218
0.17066875187402375,-0.06256786854530633,-0.06257604227094503,-0.18240757855590853,0.006957763628993477
0.07140926557548848,-0.12818773058483737,-0.12819443084541066,-0.16727736543488478,0.09130975983938062
-0.013123405230164293,-0.17181169535763105,-0.17181687870338508,-0.19886934819931706,0.34102818578415056
0.020401121691005504,-0.22678992985044302,-0.22679414736314915,-0.20128214743434236,0.5680619654081185
0.17809075975107364,-0.20508815309358555,-0.2050931265890825,-0.24977189734922353,0.009595021162833436
0.06308079959058681,-0.13776267869408076,-0.13776916395341654,-0.18783872834525145,-0.09648370268731261
0.12018621942470584,-0.13523721884706655,-0.13524385037414408,-0.1677018226093745,0.3806208652918731
0.24464299219725166,-0.09726916281953127,-0.09727619910429124,-0.20823984326987124,0.44612154092190526
0.020105315412453,-0.12197009107284117,-0.12197675182845877,-0.17498189478151638,0.18583974940525186
0.10659959930351984,-0.0979603101930829,-0.0979677787567061,-0.18673683433604124,0.29831830371439594
0.16431646181224563,-0.03483133719763865,-0.03484022329451223,-0.2416629708347144,0.5396311398595374
0.03332117590531624,-0.09314592285794387,-0.09315323084754802,-0.19366131367409758,0.37551382737243766
0.165552901487074,-0.10956642731681086,-0.10957345615088294,-0.18213031901472532,0.31276727989488357
0.10697596473317712,-0.1266878413707815,-0.1266946648703602,-0.14779680907428264,0.16943865334627423
0.03809863810699026,-0.20298605123993385,-0.20299089281789182,-0.20870900197504968,-0.05480201069414381
0.11663342654230462,-0.23526067218431798,-0.23526505772885858,-0.22470388273594127,0.702435012432652
0.020791939682415314,-0.23645121540533937,-0.2364553055377933,-0.23337357411847887,0.3441159421158342
0.12493982232915109,-0.20594893026181216,-0.20595397398859192,-0.1930565120167766,0.6286523763247307
0.19998702553403272,-0.19435956116955422,-0.1943645964515427,-0.15013606400452828,0.6926951274490422
0.30966219906467873,-0.13362824352429148,-0.13363392602400034,-0.19333777418600773,0.3194775202849761
0.18184221444933996,-0.13973876728421206,-0.13974520817134994,-0.1564769678582321,0.5136650394781861
0.04196617491956162,-0.15042893725369452,-0.15043513809777984,-0.1171520191990157,0.7347318546656001
0.17939723235223293,-0.12220384702009654,-0.12221077120579107,-0.11996227516613096,0.6168523117211016
0.11986150641980008,-0.1448820250554897,-0.14488844001269693,-0.19670850945152016,0.8302368577777154
0.07399565222408348,-0.10881500494230027,-0.10882205064923042,-0.17118427972515576,0.38507755057790954
0.11134233355470645,-0.16880654322958238,-0.1688124209722841,-0.19029547000281113,0.24489757304457604
0.04921226443515721,-0.1982863028367821,-0.19829124994551803,-0.2249690304378956,0.47218358786330955
0.07442479495736708,-0.22293304628239488,-0.22293770863833895,-0.21985396064427826,0.02445344426293353
-0.0030351247496633806,-0.19665681789258121,-0.19666171203102845,-0.21595813558277163,0.4153242336950542
0.16681545091812675,-0.21500988397209056,-0.21501463467949586,-0.2058567387406914,-0.01982509854053598
0.18847955503703287,-0.19479518911110602,-0.19480039373057023,-0.24509675207949247,0.24709202026775964
-4.990079736965725,1.2727043172600645,1.273009621861503,-0.16192885788373956,2.179748146955955
-15.535474021512604,3.1608277680275214,3.1626615519902477,-1.6679734747791986,2.348079573062196
-0.3621743420436052,0.6769440583017896,0.6769233093463938,0.7022163817581946,1.3735524559995946
0.17604063225831199,-0.06130486993680236,-0.06131307202251787,-0.15754663695976245,0.34288392852561855
0.1977133661119883,-0.1540920989390172,-0.15409821752842223,-0.261478648013187,0.24454091970411895
0.22706659468579143,1.418973921815988,1.418932570282423,-0.4421009339994426,-1.3269464599095004
-3.033811260435344,3.190747812782885,3.1907442355087423,-1.6541089454200095,-0.2742251938269574
0.9242521212724965,0.7289016464984015,0.728886179153402,0.5348468500212956,-0.22843658515886398
-2.1993426103299294,2.9685324235120043,2.968499803317709,-1.5130564517110419,-0.10194990917127292
-0.041510457418594736,2.2914802648948767,2.2914195007354397,-1.0647167151392856,-0.5818081048013511
-0.3557549067468338,0.8795146335899944,0.8794886195244225,0.5820991121079834,3.014948836754204
-1.6822318742426272,2.033155403281305,2.0331337558842124,-1.0799239770020437,1.902443255127755
0.39837076390408993,0.48688399383669384,0.48686482580659757,0.03187790068582202,-0.553763577578074
0.3929315433784659,0.3598583252481528,0.3598420095234297,0.18894723745193534,-0.6451608083664088
0.4767773591040139,0.5445694087960531,0.5445496619426381,-0.2614598346747128,-0.31238707445423475
0.259034343099996,0.4154320552556395,0.41541341693146105,-0.22032368383752282,0.2855645753764697
-2.292605336251874,2.4394207318845154,2.43941002334124,-1.285336460592994,0.3611050983154583
0.48354491764495783,1.0206444732795994,1.0206140363705483,-0.2006773247741723,-0.14627797045956056
-0.8053022003792376,2.990915674982527,2.990846011843135,-1.5414675118823629,-0.5562250505502062
0.801887949867466,2.3411855563246005,2.341127616679563,-1.132850031574702,-0.9041596828054539
-0.6492483650897922,1.450228077142354,1.450193188582877,-0.23069121714097715,-0.49617791248851034
0.36544176818333235,2.6087979626624564,2.6087307897512813,-1.3740398977803585,-0.6735199653409866
-0.015255106156378904,0.4215664919802793,0.4215477159100294,-0.1544306286359848,0.061226944613852835
0.2628879800128781,0.49251455663058313,0.49249436657213685,-0.2048350638969778,-0.8811452800997138
0.33134669910650527,0.8212862958136765,0.8212589024501158,-0.518965922693982,-1.511537745564813
0.31756411251900646,0.705414995307501,0.7053900246635877,-0.4447654839366137,-1.305680080861094
0.27858837320303426,0.5918581473641504,0.5918357265891822,-0.2025066500973339,-0.8396224758182724
0.16625386932511046,0.35462989433287523,0.354612442175099,-0.1754636943926056,0.34481464348446783
1.1494687389140712,2.8938870741817784,2.8938206644926847,-1.5133186910003018,-1.5208186661709948
1.6188348890778361,2.3087298416923425,2.30868946804112,-1.1762116395987665,-1.3054048826986226
1.1796546843197733,2.03290857133087,2.0328650769205705,-1.0571612548973028,-1.6102338111956938
1.9798954828379716,2.9826914063524246,2.9826427057252127,-1.5557373069751723,-1.0405485677531165
0.9117906714238733,0.4670278143231665,0.46701930195544356,1.7560733559297474,0.8495291657995766
0.8207073677073714,0.7490376166553104,0.7490190103763441,0.07054513978554855,-1.9662384075328287
0.049384484705218196,0.3368622928614917,0.3368452396673715,-0.20736520146611903,0.4107384881168501
0.16070506783752683,0.6572309983299152,0.6572065722784789,-0.35208490720393487,-0.5465379080441579
-1.9652818404249823,1.254567900849678,1.2545879173983434,-0.36380408239166484,0.19618981796209342
-0.6182963351757568,1.069379990994043,1.0693541915683236,-0.3256209343104496,0.6109376664120616
-2.5213439730519003,2.7846490688777186,2.784636340202264,-1.4531568742792136,-0.26110260684219866
0.038908402152502033,2.404301095070202,2.4042377975687748,-1.2062582272924969,-0.6281894158161053
0.06400743050488793,1.6111164741299657,1.611070270762191,-0.5213492421810318,-1.1282995175978732
0.9861197438727474,3.4752780595087684,3.475195370793914,-1.7386598305848187,-1.3893577463767193
0.8215528919376187,1.0501915832593418,1.050165319104311,-0.11652570601313585,-1.5419444255180665
0.03345988767180906,0.3344231704601304,0.33440635115473727,0.26666659517067676,-0.40435697770747453
0.2825439769077326,0.7145413290336784,0.7145159743426567,-0.3980624969613637,-0.9370789649364694
0.20372570873775064,0.5106445246010453,0.5106233900842357,-0.2717773496513556,-0.4021031711146207
0.1090765139838336,0.18584842775460567,0.18583440727161504,0.01543720779939466,-0.3585865563244411
0.25855981796359423,0.2337012256927469,0.23368684717351682,0.34353715813901875,-0.23705685927466733
0.5790697470944822,0.9719845456109351,0.9719560969356473,-0.5628074887961422,-1.1019811913068063
0.11306931658982203,0.5663937954731376,0.5663717673696528,-0.3402321940658473,-0.6744873812604215
0.08058694362380224,1.449242182327263,1.4492001511332555,-0.5713832600124154,0.12165050392203793
-2.179931415801262,3.284064619913882,3.2840213321970757,-1.6938852721931985,-0.31423021641821747
0.7145806590483861,0.886939116546154,0.8869149060794913,0.1835524091660401,-0.15779516911690683
-1.3786879369913856,2.9256567464554246,2.9256003705508955,-1.5021387367586654,-0.6860110005223479
0.04336900306151865,2.3020284796243593,2.3019667621321753,-1.159251469647745,-0.8068858733478025
-0.6097809386210492,1.0684141579920499,1.0683883802536847,0.17131311463498836,2.7947183472374326
0.5071812713500088,1.9445610036548606,1.944509462368925,-0.957818535741885,0.9402678207216036
0.3717966381895916,0.17805656284609306,0.1780441502804657,-0.13269448718555266,0.3712948856905019
0.1808530596320087,0.20153837770705038,0.20152418403246153,-0.23928690408600764,-0.265740086833543
0.3803905512256433,0.615742452350382,0.6157198535024958,-0.28097707951896045,-1.1329561546755655
0.057274734553681206,0.5230382470121924,0.5230168341998114,-0.23206239136183204,-0.6252083265800968
0.2002856323089802,0.2245987153696231,0.22458418300463015,-0.238582576052092,0.10208685451488059
0.1250738307880126,0.41027581104284766,0.4102569302612411,-0.24135295151295974,-0.11108207529958945
1.1941570292554604,1.1749900323473668,1.174969384505722,-0.7155248825001997,-1.9562396946584488
1.1929028992654926,1.2261127266971148,1.2260909309179122,-0.7776316871358195,-1.8625323620212435
0.31867224740020894,0.7943753438996487,0.7943485548096462,-0.5224584410222489,-1.145417306184649
0.17927958072895928,0.45847539175025054,0.45845542866831396,-0.32941583754618387,0.26145603481826235
0.11507989155897998,0.11679781655202305,0.11678570480867566,-0.18888978542051577,0.6986678155022978
-0.021038982644924507,0.13617716975781569,0.13616498109825603,-0.18446651378198456,1.0738559805313699
0.31949780911769227,0.09014569785162287,0.09013490104708437,-0.18230752649398047,0.9165912731417952
0.16148928632938464,0.018195079916423728,0.018185003134737133,-0.14272893261306435,0.5709105570881364
0.1821556084607465,-0.1311244576003561,-0.13113109191801925,-0.0865256070852293,0.9149572698977986
0.1188125204844338,-0.255150437322451,-0.2551543762510863,0.4643480613465354,0.1292909755273169
0.6184616319681614,0.8125982768790193,0.8125743027486563,-0.36723313005792574,-1.2847017104001381
0.15978235813109007,0.38435953098714104,0.3843412321441747,-0.31183044230629,0.3363977686967162
-3.0379450803446924,1.293169157853112,1.2932608509477568,-0.23569756510161632,2.3235723431040256
-9.148427809376766,3.285480410723925,3.286050753969119,-1.6950688548695962,1.1088000364198132
0.7104284974263849,0.5667552663555601,0.5667387828339879,1.4800597677880236,0.5115429359517781
-3.7906886393462216,2.9576711011995314,2.957720045057768,-1.5191259685039584,0.04505297761030225
-1.1061397707407292,2.414928124065426,2.4148774845290033,-1.192206882423264,0.029432108190834798
0.42697718831012493,0.366407074237928,0.3663913279411705,0.41613394838527706,-1.4187600107180194
0.16777883193621876,-0.16862401655505885,-0.16862971927700746,-0.12622150027870765,0.5868720281795727
0.2148116532361675,0.21322868279645651,0.2132144057405311,0.7312255839100914,-1.1625798937752818
0.4238117451761737,0.03550018494657093,0.03549168989878203,1.2804101019131326,-1.2550485592388008
0.16380687148609277,-0.271926232908813,-0.2719297951443561,-0.2143409010713692,0.5536628764050143
-0.3093865237330445,0.7356042624297034,0.735581121569437,0.6173758907095145,1.3843239915724477
1.0629989298740532,0.8776017755357874,0.8775860142232179,-0.3216634237386312,-0.7084834971397341
0.3654788619377798,0.6091267112347267,0.609104619179008,-0.3853308816747657,-0.4968384306007671
0.5233523838737736,0.8693191126997041,0.8692924319735124,-0.5402711368319822,-1.2279644093800302
0.19745980321861678,0.6504347008963798,0.6504107856914236,-0.4347927474434849,-0.5691521725735048
0.07537316305797186,0.5395161604987186,0.5394943776820567,-0.26414183330723195,-0.4209047974035063
0.5393826304030495,0.5441169432613656,0.5440981021644101,-0.162879622579836,-0.28674463620772994
0.26958896265051346,-0.4680609964675833,-0.46805943810626466,0.2585346292607607,0.9703809416062039
-1.666675147543355,0.5616006342527493,0.5616351363599509,1.7444434604092358,3.906048032752531
-3.1648424860460085,2.3053469184587296,2.305389373890358,-1.267410766768649,0.8784120212627557
0.6436834564454402,0.4496575084004515,0.4496427586608517,0.43743816081962883,-1.428083271902639
0.10788612477925794,-0.6435745447651422,-0.6435697618017298,-0.18202351255768304,0.3516073484671839
0.026788930869148193,-0.6031962051925737,-0.6031919706683524,0.44788746581174343,0.6540794992811313
0.08864806734982868,-0.6410150514851942,-0.6410102364344202,0.06528244910921116,0.3217908030875996
0.16235115448227394,-0.5785379082920966,-0.5785345856976767,-0.23614820321038396,0.27339484157611055
0.3945871599175387,-0.027558123894703013,-0.027565471674937607,1.3527643474010616,-0.6190204111296551
0.20979441007118282,0.5186821467200057,0.5186610108412449,-0.24053585130621916,-0.4178396632633913
0.21304052904358864,-0.09739087712310218,-0.09739817935378477,0.20816068075242833,0.2464390429231698
-5.679454689365137,2.8981018461656243,2.898305453753799,-1.4924996156236874,0.5242182910156653
-1.2724827734004276,2.356665394609512,2.3566221533934963,-1.1237491238319868,0.17807137803104894
0.3742671684049097,0.6032127753308313,0.6031906369506264,0.06267794489575484,-1.3065025090019435
-0.0076346579770867,0.23251596660999682,0.23250143558592767,-0.034869654945800646,0.24645466470040153
0.2246309116728676,0.2809648869944721,0.28094890983264226,0.06316975647677082,-0.013691013149552053
-1.693761138346188,2.9656875867654064,2.965638551474229,-1.5336833269037273,-0.31729681216660444
-2.2307884303335888,2.3629837909953255,2.3629740823326144,-1.141295804668205,0.2592965013742619
-0.39830250995379607,1.8095510917000657,1.8095036567180216,-0.7771162460029557,-0.7214697436675105
0.032469383897423085,3.5113595886117874,3.5112707161228354,-1.74726982410774,-0.6388340916103386
0.8045463903134169,1.0320576745755925,1.0320312802515574,-0.05742814034571855,-0.5233520110574994
0.5572174224335296,0.8200732726145857,0.8200484141592533,-0.37958829378073067,-0.9621938509507465
0.17469920474335857,0.1340581407493627,0.13404546231373773,-0.1696691174679016,0.11342453772931235
0.09104173009404251,0.22697657759170367,0.226961812713554,-0.16285644137780228,-0.10161006439307226
0.19244647356782507,0.0991326736261032,0.09912095854575033,-0.20932530352070103,0.3681796293989767
-0.017903678186461817,0.23215521222089924,0.23214068929741083,-0.25625653052061403,0.6052547033529493
-4.935227593774085,2.802364366336383,2.8025081483865026,-1.475307434786767,0.6108690367011477
-5.804927432285021,2.2648750765072587,2.2651545199656384,-1.169696753664041,1.3493584644481147
-1.0425233253367736,1.9557436732235605,1.9557040609487293,-0.9676950971671732,-0.3207364584675346
-1.6695441689050405,3.6156186818009735,3.615550037253005,-1.7801892860354094,-0.1983994574607445
0.8764867726943681,0.9623140352044803,0.9622906398975849,0.08638367872495355,-0.17428176344592564
0.40629854861082815,1.0301127534450953,1.0300808500948244,-0.6114094600668488,-1.3988751783824114
0.8025121835913694,0.8841037733361116,0.8840814177289212,-0.5630744637234528,-0.8959773397361034
0.40880886023647456,0.7731069560427027,0.7730815401215161,-0.49346460769464845,-0.7604619057673911
0.21471518485485566,0.8705801409515646,0.8705509242392121,-0.5517408213267945,-1.108177956384699
0.2576607560385291,0.8889666135323483,0.8889375213177894,-0.5476738166771351,-1.1178957615144733
-6.398981611917284,2.464617652642002,2.4649434808526984,-1.3585169777582147,1.074045262633516
-3.0993139068397855,2.501721975966345,2.5017503494399627,-1.357294310618528,0.560759759790391
0.30903921684465885,2.1628955068313083,2.1628376299859107,-1.1596299936689478,-0.903247606533785
-0.2924002923684633,3.6012655292694995,3.601176429175387,-1.776925413747675,-0.4735741395899593
1.0150968596257712,1.047443114864946,1.0474212112889791,-0.19124574091577576,-0.6435374350277963
-6.1965711700604285,3.048867804582088,3.04910958246686,-1.5717678466195546,0.4065995145679983
-2.6255235878657093,2.4025345807776106,2.4025415377116475,-1.2002290305479935,0.3910469041954683
-3.005627228848205,1.6119006760740913,1.6119694496938466,-0.48277476561636895,0.6507399152663073
-4.4874951449043525,2.3952360215233055,2.395371391768584,-1.2795467917853396,0.6121110620650466
0.363904244371361,0.601161992311577,0.6011397208614914,-0.2384129447800645,-0.48007157664330086
0.31627299135687664,0.20011398897710803,0.20010072288308547,-0.18843085014117988,0.8556254474234005
0.30859169136580844,0.3283460532014843,0.32832972859369747,-0.2636073993205483,0.0912698294244447
-2.442305388907287,1.5344971856895833,1.5345322317473813,-0.5195558056202917,1.3116647478594834
-4.1941652847903566,3.3434687232363944,3.3435236919625004,-1.704595877356529,0.4852119844129656
-0.19915381548054634,0.8577554478054777,0.8577281311397363,0.18787874793951806,0.30706755572660277
-2.9424618172372647,2.800609674183652,2.8006170067210805,-1.4690060714283286,0.21817206481947082
-5.196403077521813,2.101593054444418,2.1018224285358715,-1.0161823586499819,1.9798478770632297
0.5813847420484807,0.34330303048253513,0.343289952408601,0.5528661494263508,-0.8376604493829716
0.3424678293288587,0.4369648291494813,0.4369462446742878,-0.1565133047715845,-0.09220918041421038
0.39464429825057856,0.29801115881099166,0.29799623183711793,-0.18825518203969602,0.348695861516047
-4.925070798585079,2.5274311894511494,2.5275947580720093,-1.3375688463702515,1.5862035711562592
-2.417651008600642,1.8642227566114773,1.864241442861526,-0.9718170385309151,0.853016176074996
0.19691469121154226,0.5897029354427891,0.5896803839428449,-0.3965308810939414,-0.3012553110408386
0.5522570765332139,0.7489484132363577,0.7489251518583785,-0.4797724721576921,-0.6285813165543299
0.3537838043443466,0.8944911353141494,0.894462098168199,-0.5636367799320069,-1.1034880149373256
-7.060375727720734,3.080672226781993,3.0810032084056553,-1.6075725627677735,0.524783013241566
-3.547150086916645,2.512714774803941,2.512771202289945,-1.2986931355987743,0.4721638553961498
-1.745535156445319,1.7533532960065732,1.7533433050216867,-0.7577610559556498,0.26096595979088055
-1.9016223925269327,3.576583408965969,3.576522805710202,-1.7682631085882332,-0.2084654559063947
0.8473922207408702,0.9454807410287934,0.9454573654674775,0.2888222940846847,-0.7406795126708672
0.7345150642661673,0.8361726985022226,0.8361499862117088,-0.4411236195476323,-1.1487794078348077
0.07755304175458534,0.37622643613263496,0.3762083199147271,-0.1544017250344569,0.13744068560836387
0.49983781585810305,0.7472397557797531,0.747215458053069,-0.44301148054963807,-0.5864906119095545
0.3832101074092466,0.9444925176103965,0.9444625368247652,-0.28245097002093994,-0.9976729672444334
0.5432465768356273,1.028865159443077,1.0288348961807614,-0.4033692041034025,-1.1811917766479734
-5.41445362495962,2.801968145527702,2.8021545668703496,-1.474652526485292,0.41987532947729334
0.21821531295357502,2.255996649471504,2.2559363238423855,-1.1119159257680709,-0.46126014538740073
0.044738107277107884,1.109953933244315,1.1099196997376324,0.09124088998695061,1.4913028072330632
0.6639359898471051,2.640102272521567,2.6400354714017724,-1.4202697673356113,0.39320580512677983
0.7270611481692035,1.0329686958382291,1.0329410272224497,-0.029959407046730408,-1.2311577026368339
0.21375236803933406,0.47946022737385924,0.4794397930866925,-0.29829437701174083,-0.030500988832132023
0.29834979391272726,0.46240750711741535,0.4623879930994894,-0.232061876387538,-0.0006754386718447683
0.29842900795361305,0.5748172492475678,0.5747953902377612,-0.3966002175668205,-0.15728150155687218
0.30008753782959485,0.7787407430565542,0.7787139467960009,-0.5220037202929362,-0.8707481420757199
0.29994121445751576,0.8085053087604098,0.8084780232689682,-0.5325249639171322,-0.9475684025045165
0.41200489340797064,0.550847144185677,0.5508263607719367,-0.3099141312345576,-0.6833567420782984
0.8306127131980877,0.9532559474675016,0.9532322181980447,-0.21732284033000862,-0.9335988146952618
-0.10654119453491534,2.1107910375030876,2.110734330640572,-1.1208243718223798,-1.1341400008441536
0.2296362911965308,3.6417463273875317,3.6416552435990934,-1.7871060713493947,-0.9092328382906284
1.0925244915584313,1.2667577809098851,1.266732206554968,-0.48612005665276065,-0.9998169906837416
-2.831599089619959,3.0826203721324523,3.0826106250854717,-1.5837788008064946,-0.24390051415809264
-0.9330159969417107,2.48812293265935,2.488067783656832,-1.2763869247570268,-0.08689053377109653
-0.6685479500918035,1.2863010319637533,1.2862707199103338,-0.26268082680618726,1.6418904516045556
-0.5949924301416493,2.6415861301974775,2.641521803428641,-1.4139367584537876,1.05231081718007
0.557503914240556,0.6378507495074663,0.6378299827785349,-0.2469057248241267,-0.8097955302117467
-0.024442868043360204,0.38719093348389644,0.38717328754027197,-0.2781725332336648,0.341950698821969
0.21252689953994305,0.24538347023224769,0.24536847115474983,-0.15856099341503116,0.3052338221398104
0.26649332676186493,-0.052666289041564715,-0.0526742373045321,-0.1504568335116603,-0.05104121254557928
0.06328315340702206,-0.08173343805527573,-0.08174118142650262,-0.13043954677259215,0.9951290780243689
-0.004964133337900499,-0.04258272023329324,-0.04259089491835163,-0.13870971375633895,0.38355057400768405
0.1672639765742611,-0.033944228899721214,-0.03395313491622042,-0.21280035848528736,0.7328580783638794
0.1410016779267578,-0.05483090493781576,-0.054839521072524114,-0.16790060734693282,0.4723207044548986
0.14912196342140616,-0.10346065032516788,-0.10346799538107893,-0.1961191546913132,0.6364092324169641
0.11122188271731644,-0.028668330301667638,-0.028677354786143337,-0.25240932083493495,0.22281023825202387
0.043762067604981546,-0.027808986120090876,-0.027817850781452127,-0.24486074854063128,0.3909041221940898
0.0034165521594498975,-0.16351774775168024,-0.16352338601333402,-0.19449210132395156,0.7479667993153677
0.019595501969829114,-0.28337131815776506,-0.2833743547200022,-0.5669066636728889,-2.9464511258127017
-0.06015590596047078,-0.5236492354648997,-0.5236459810959145,-0.3833192966387426,-3.8940109521400688
0.1396526298302681,-0.7333494567060592,-0.7333427474462422,-0.10426204241666763,-4.023906516267569
0.1757956965351535,-0.656425300355923,-0.6564200497151516,-0.2561616494136308,-2.0094646678925763
0.15787285043533208,-0.7778648287367198,-0.7778570751240267,-0.32447731892976306,-2.475338023652828
0.11180105460774387,-0.7519259791412781,-0.7519188079740143,-0.3025316179433122,-1.9892906211125612
-0.1362408793907511,0.9044204789342316,0.9043915770678671,0.9885948441230359,2.1368873260612418
0.6222659575763896,2.2773413438675543,2.277283404861681,-1.1404343616649444,1.8008196703539128
0.08596801025175965,-0.6638095701242214,-0.6638041536729286,0.595545249286001,-0.6949339941384076
-3.7414507836086908,2.092463854744941,2.092559094346727,-1.0679643905975436,1.8685846320113875
-2.8349014185557206,2.224299701270337,2.2243260646505787,-1.0503007184921,0.6059927615073366
-0.18377882355831793,0.9237154650510149,0.9236864881628639,0.5979190707979765,2.325508747840456
-1.2188519338673864,2.5433029495847927,2.5432526515958367,-1.3794069279548042,1.6675165996504864
1.0211724391014483,0.7788974759713806,0.7788826771851681,0.03695203484112923,-0.5429227092944136
0.12139307981807146,-0.028247927843270418,-0.028256961767697934,-0.10381769391715978,-0.16103854138881715
0.277183519060938,0.03768244449094815,0.037672467487010745,-0.11485963222951973,0.1603281036987041
-0.1790680193257809,-0.06882876634179463,-0.06883456049037052,0.404294152788082,0.25843980128650995
0.5345177680941045,0.6168823932303309,0.6168615599786658,-0.18518263762715328,-0.8553292069243587
0.20495946075669816,0.4329078648204491,0.43288847584605505,-0.25727140042445806,0.39617550574913823
0.15943557358574376,0.15744555761476173,0.15743253314431338,0.038414857652798735,0.8458649385184422
0.3080754973050246,0.4342812034009908,0.4342621418275028,-0.13682607179713074,-0.11546736124850598
0.10983765146144732,0.44045665936848233,0.44043728000854465,-0.3606366886622891,-0.0324142357940343
0.061818247594976936,0.20361459623933933,0.203600535063488,0.046692252209773306,-0.18052226630500956
0.20382240280009065,0.08886639901997695,0.0888550935836023,-0.07045950143874084,-0.12805771797401003
-2.5424263561105835,3.0435564395644508,3.0435350313292133,-1.5511691676388324,-0.2969743528718474
-1.4599345843155616,2.506314339932424,2.506271320801514,-1.2488002534422664,-0.06385957019711366
-4.332936631074612,1.6416609428179976,1.6418447592577616,-0.5561032886136388,0.9922092369523914
-7.507367942818087,3.6109783127821244,3.6113013272412773,-1.7911389783326424,0.4562558237760989
0.23810201740858505,0.8138824120406085,0.8138546475700656,0.47575180037193066,0.4028335398122776
-2.6026224619175045,2.503791208688716,2.503792667802261,-1.2504323441235108,0.24174970029360165
0.7887569249247356,0.5235224173765075,0.5235085167032765,0.6562177680534154,-0.47950158804511617
0.19030827918293647,0.4235391772271172,0.42352017774178086,0.042478653750196146,-0.46141536231465957
0.2335230929623246,-0.004980075801467537,-0.00498927395663394,0.1483631837379679,0.19245803372603826
0.13100493803102758,-0.5290699552762529,-0.5290677434629039,-0.19052554283713125,0.15679776904627832
0.21462823610964096,-0.5826643724736461,-0.58266050942302,-0.21828586073214587,0.5025782401186485
0.40193006146510263,0.24419015059959226,0.2441766112720333,0.7141355363799133,-1.0769189406299433
-0.047673611391428096,0.24180798941756215,0.2417936079838366,-0.22555352380167537,0.03133343408537821
0.14074497729772764,0.2482637733984289,0.2482485305256845,-0.16889614354362453,-0.4046970681709782
-0.07041257526266816,0.14705210544346206,0.14703985171132625,-0.18082589980475633,0.6544992807136129
-5.856310488777543,1.6815359458298091,1.6818979862030594,-0.6612268475104484,2.122440318867737
-3.885984792364844,2.267482037469983,2.267577287740454,-1.08345981744876,0.828825082861331
-1.8609264406066899,1.6093653644438595,1.609365413178227,-0.3569947070099293,0.3607325253991159
-3.762514783921807,3.67191463707998,3.6719285562678174,-1.8003056970077222,-0.017467101847572372
0.15685882454287423,0.9337454759832485,0.9337150200404614,0.13647229930472154,0.3160035357294919
-0.6180748395048418,3.079166516059672,3.0790923636162324,-1.5546672658759801,-0.8860009551511593
0.6455334664155912,2.535272492399082,2.535208403424391,-1.2698022141452054,-0.9298561077872867
-0.08680307026226605,1.7428330245167625,1.742784938227787,-0.6795832309605249,-1.148465482666145
-0.40887024977863273,3.617197116595774,3.6171083752421294,-1.7753423926979237,-0.5896817009985927
1.2310870623751773,1.3737270101005834,1.373701720588432,-0.57886046027826,-1.2123671424368976
0.1439842630076386,0.5589694916403093,0.5589472720076749,-0.029722462717631796,-0.6253161071944646
0.25889215379402375,0.24110761719245216,0.2410928932466579,-0.24070601037038358,1.499032928726702
0.15013968740525735,0.445819791028845,0.4458001121228418,-0.2104751498943031,-0.4304408935456586
-0.07874945812409752,-0.1985408370904602,-0.1985448828871962,0.39686353089879506,-0.0810715170510087
0.1375505123529216,-0.5958772258785088,-0.5958735139373587,0.7523474627954421,0.8179839005010354
0.6626814905609093,0.7954409485971371,0.795418076204251,-0.23091530382429964,-1.3133217984456491
0.527879750463327,0.5321350253887168,0.5321160951018252,-0.29041422657098365,-0.3347482390677436
-0.01363535238432719,0.15915278208471653,0.15913989839860462,-0.00018144673085182823,-0.4262288516843231
0.17662002726521045,-0.659385223842836,-0.6593799962979425,0.35651506722519904,0.036491415865582466
0.2085720857188433,-0.7671411627042973,-0.7671332916481779,-0.28599105916006956,-0.24229438435052322
-3.892760147159488,2.76419425919122,2.764260085838262,-1.3983534271198101,0.23731722180731663
0.3579880572509396,2.528897851287262,2.528832114259236,-1.2491201541497292,-0.6488878835840752
-0.5330568570354638,1.7159989165118323,1.7159553733957191,-0.5861832376529758,-0.6981955764972876
0.6311355092136588,3.697887161861693,3.6977966086486647,-1.7998809685829351,-0.9149886707702519
0.9063767066569466,0.9118514103303155,0.9118302228552635,0.258821586047527,-0.9617177840795956
-0.019375303138209114,3.0764406172050114,3.076361868868392,-1.5510143988413958,-0.8761789556932402
1.2055320916674133,2.6475523701140924,2.647492924716624,-1.3496886052806512,-1.38449430284045
0.16564354832368203,0.5192635810531788,0.5192422529992575,-0.1994771151229646,-0.308446197000057
0.12819098412249277,0.2696459045707061,0.2696301815716352,-0.1348340492587768,0.07837365352328385
0.32290965490148504,0.5170811423854704,0.5170605798144833,-0.19479998052136657,-1.0029367058528718
0.13898314706021775,-0.13879021968368266,-0.13879686098934774,-0.10823991279449721,0.4821584106442407
0.4261963319526753,0.17901827601146786,0.17900655832823184,0.6705350536044192,-0.4413329059331148
0.4320639155862129,0.5896296740003159,0.5896083779805888,-0.3016586546497851,-0.8743489202572622
0.056424296631957034,0.4587453306104144,0.45872536146711973,-0.3243630263250978,-0.3279394878048598
0.03606396976465789,0.3411030377283661,0.34108588931018996,-0.2369520164918922,0.2835997951818439
-5.084195783371618,2.8736941428055385,2.8738456373810553,-1.4913730955746445,0.5522742773256912
0.11520594467143846,2.5239357767655237,2.523869076442838,-1.2649384519413198,-0.6021159073697749
-2.6984587722188103,1.7119138298197971,1.7119559974622514,-0.6339978045349993,0.5207505975307716
-4.6523450418817145,3.664565923292931,3.6646341015242423,-1.7982433095760406,0.09273362634507525
0.24197033384652644,1.006428708343179,1.0063966203304606,-0.04014991902927802,-0.095407213370902
-0.44016724340244634,3.095702823752179,3.0956257923229153,-1.5800955664278307,-0.7592111384648041
-0.19837800617154477,2.481992974017991,2.4819282902183,-1.2169976496262342,-0.2023226549571318
0.4015988437815854,0.5674001103479887,0.5673787761253836,-0.07190199443892765,-0.30656440044863636
0.28791148215754303,0.25024738516847184,0.25023263511252714,-0.06792177981338667,0.9448693622131985
0.38411925317297924,0.6187438428884748,0.6187213557649968,-0.3315821100623313,-0.40792608954927756
0.48831778416024013,0.2968608287778315,0.296847181469275,-0.2873472400124589,0.4188331552164684
0.22411774378950694,0.06650267199255838,0.0664918687238123,-0.17771870089507646,0.9188356765116246
0.31764488581063227,0.12707394294136695,0.12706231692936937,-0.100656985558291,0.47960698480162905
0.3366421608171884,0.28621875342278436,0.2862037330035552,-0.16308603869119037,0.4175767316873293
-0.055085078938639856,0.11550741207384087,0.11549586666388428,0.20525099234470667,0.28330614483789834
-10.145995071680984,2.5342794326507416,2.535164698312972,-1.3274948253183438,1.948497986748612
-1.9308348730758753,2.1085125887298397,2.108497846947215,-1.0793689135069102,1.4770880760848604
-0.6785589963695293,1.6364133457062784,1.6363740973193897,-0.4560503675036873,-0.5599742223638413
0.23646321410611054,3.6901235984395147,3.690030353644934,-1.7978042000516887,-1.0445079697037396
0.6461747287988924,0.8787789740686321,0.8787536929992067,0.46652063690609197,-0.9798517677864453
-2.032013504675894,3.105511975617006,3.1054687565962906,-1.5752202184539503,-0.46953961707545333
-3.7156752199541243,2.5090595841068577,2.5091275573043395,-1.2769475169182163,0.47918013726490727
-0.48196242606150774,1.8752599780352182,1.8752125005435802,-0.8339779992641518,-0.4850691403074405
-0.16911160837332798,3.6947901194647232,3.6946985610785616,-1.8001764652104137,-0.7826093697829948
0.9439795975039078,1.2289543392237503,1.2289258522229551,-0.3125509956978057,-1.4452697116481634
0.35628549905800855,0.6275022572923055,0.6274795735024942,-0.23913332053259256,-0.6771203286045655
0.2610124167954018,0.30174480552715344,0.3017285408807254,-0.24304767078197173,0.5872986598123997
0.09805846357109438,0.37800083185180106,0.3779826757906198,-0.24270801386083488,0.3433276891280136
0.002928701584157852,0.14820906303987777,0.14819624597084202,-0.037979945179546275,0.20647927952156114
0.3365963270520139,0.4892124180193549,0.4891926603475931,-0.30994763728323965,-0.7243166393804921
0.27289177372301704,0.48858888970334263,0.488568787794016,-0.31125663986565894,-0.8873776389218031
0.3875398389674991,0.3257776037549748,0.325761874178515,-0.01391776225245964,0.3723281788601799
0.10711176700959663,0.5523895751909,0.552367503307388,-0.30118819172230216,-0.37664614115530565
-0.956624120001784,2.0456116397350517,2.0455678600829525,-0.9974684377157387,0.21209329936711882
0.48439109840183253,1.1159316370541281,1.1158988813945245,-0.22905095662287034,-0.19443778541142853
-1.6343943898013147,3.108553848027957,3.1084990970675555,-1.568779041596511,-0.5376778711251434
0.41167076238754435,2.601699663292467,2.601633008009092,-1.3104049610337944,-0.6378376415421815
-0.022980988408738197,1.8141556360526687,1.8141055900072842,-0.7426386716148927,-1.2631017465078513
0.3841535361728031,3.7398586243422227,3.739764621008185,-1.8119170385739578,-1.1221098138834054
0.8459605823640222,1.0300812277387987,1.0300557733915512,-0.02497588060097317,-0.599497323054446
0.7171943736178462,1.6312373979270511,1.6311950416162235,-0.601632811200317,-1.1408291155985284
-0.23625680233366572,0.6104352071693632,0.6104139813284908,-0.29911768249260107,-0.7931510260204291
0.5022027889016114,0.4327588342088656,0.43274195625121553,-0.16538606678338283,-0.43788919066875515
0.17405314150909457,0.2064245039363471,0.20641002142663933,-0.23927706587729733,0.8730034029862371
0.2699026900543479,0.3135687366216573,0.31355256471268883,-0.22662548649610637,0.13725812204072424
0.017756242623201645,0.2698205498186555,0.2698051811366208,-0.25069814030236337,-0.17115310031575476
0.16603134526678298,0.20333158137599566,0.20331734743580918,-0.22180212850377984,0.4444076169940646
0.10407181406781205,0.18494439230188697,0.1849305712379229,-0.03891861890308706,-0.6403837196884644
-3.017256613262442,1.974716774714123,1.9747662960612118,-0.8909596523249175,0.526849945145401
0.06167426822812218,0.8064326726947455,0.8064048963855054,0.6067335969303704,0.362544451626446
0.3525934189866066,3.0890541239435776,3.0889750923762267,-1.5443139948530091,-1.492308118947036
0.6885557794070691,2.556457767030337,2.556393560588265,-1.259871839905954,-1.2141474868793627
0.06386658502685609,1.8082262955422874,1.8081760243990113,-0.7465843046641082,-1.1127055651160316
-1.9580150754497383,3.7005457103438113,3.700483398285086,-1.804359903834345,-0.40830939886132234
-0.037705557349567605,0.7948613054972762,0.7948341472566021,0.5778522373190883,0.6118448644258015
-9.031850345731362,2.982059817486507,2.9826631253264497,-1.5286560791431485,0.8571446543395408
-3.8491920553760797,2.3965153203549514,2.396599433751738,-1.1416982417017418,0.5735558024114977
-1.0223762465246329,1.5836067129196354,1.5835765315319996,-0.21888873935820152,-0.06509118585442095
-0.10141415242061431,3.716585129915486,3.716492365654739,-1.8061922655726008,-0.7135130903477793
0.6287985206176427,0.9048018325064207,0.9047757879858754,0.4370212793314416,-0.16938022084123106
0.21582164764480405,-0.24267951275554375,-0.2426834630343272,0.6824316442382857,0.4532544625276505
0.0669905746592249,-0.1806717622519348,-0.18067737356637562,-0.03149218067444281,1.2927524617660484
0.014104405582412898,-0.024629099182427193,-0.024638035246747382,-0.023027902930425264,0.08983964605636675
0.289217170004218,0.14402689150231565,0.14401470570002484,-0.13976610201027387,0.5991540590585605
0.38168637065645034,0.020126208550416243,0.020117700479869605,-0.11571342605458909,0.5611896323293928
0.1457047474549659,-0.26836696275560384,-0.2683706049129887,-0.04057347039249957,0.4039366015397147
0.15304238396672504,-0.4298753055926034,-0.42987532115137084,-0.19453753583256667,0.627381404307416
0.1648601145863085,0.04979870486201965,0.04978791843487128,0.9251336259433941,-0.4258326103554054
0.1967833756278361,0.6241349177885094,0.6241110557756581,-0.2862603869133767,-0.568528394230692
0.2556721368841709,0.26804651234615184,0.2680311834993463,-0.19764934958044447,0.27923759181606006
-1.4566100976061256,0.5625573319648497,0.5625792742381894,0.37803146076290406,0.40909243949620977
-3.882313167201177,1.957843715158903,1.9579591730502324,-0.9198809098308413,0.7391035998499706
-0.8933444727576784,1.709168227398701,1.709131644196445,-0.5330632550334471,-0.1892315288278029
-2.5990227264195362,3.6551680385966088,3.655127881551965,-1.7903359261631313,-0.21456529946555247
0.6310272643859681,0.6056624660087352,0.60564349676937,1.3722328442496363,-0.8749649788069904
-5.764580588398892,3.1036136265526286,3.103808320600982,-1.580177610595633,0.34318113201893113
-2.567223366827028,2.463304320377422,2.463305972128954,-1.2094113140664702,0.34885205189151197
-1.9592998980595364,1.647991161343672,1.6479949998548395,-0.4710373812501477,0.37910316479470885
-3.8585915471003935,3.348303261946297,3.3483377025137315,-1.7012884842443976,0.42629924630834315
0.8550342727494948,1.0373976993262264,1.0373726180487632,-0.08648780904717265,-1.1750456642604443
0.3980798815752428,0.13492581416584168,0.13491472832077459,-0.2400064741853055,0.22759915739650396
0.06754823247981968,0.2348737670189796,0.23485882481292383,-0.23622783823444626,0.775777316946334
0.08195526308490719,0.26579958927920055,0.2657839526474434,-0.2633257009488885,0.429760929322631
0.1931888974720011,0.15115170112532708,0.15113881798065076,-0.23570645390872705,0.7392182574105204
0.17590012530182242,-0.1567164348648705,-0.15672267364527867,-0.15086880379195933,1.045536273460692
-0.04069867250205803,-0.08851047973070379,-0.08851744400886652,-0.24806666533731234,0.31874667535106105
0.2497571704929473,0.24635467693417767,0.24633983516797073,-0.07511417878676917,-0.36008202545701906
-0.14719439015854952,1.4718486214684985,1.4718066200147963,-0.544348840274778,-0.029648563553869252
-1.0184410259200691,3.4378470152282614,3.4377698241130363,-1.7276074392158547,-0.8631722815608537
0.6924788953019403,0.6443445076345539,0.6443257445228564,1.7119975815305515,-1.3567542653002576
0.168737394151448,3.104721325232956,3.1046423001041275,-1.5410899588626534,-1.3451258120865575
0.3038150087895044,2.563816511723935,2.5637492741355503,-1.2694355680481697,-0.9198314598614655
0.019059017132967593,-0.3238412793142578,-0.3238434071413634,0.04184223377641162,1.612502358198408
0.20804479225476522,0.4860320832733631,0.48601168053737925,1.6243333613189155,-0.4833917949821135
0.6736954222948845,1.1510351527686304,1.1510037583067703,-0.49149821811914746,-1.0799049707709438
-3.5055932644562398,2.9021321211183033,2.9021665495806457,-1.5046432314430762,0.15864557760592424
0.6560975953439772,1.4249439233225585,1.4249063783600422,-0.5904985912496774,-0.4544732066192391
-0.15496397246454433,0.20860461400074953,0.2085918737307226,-0.1605360603533938,0.4153048363605271
0.10038658136396922,0.19077969306337236,0.1907657409703029,0.12716547567473016,0.43198019861757647
0.30526053680781307,-0.44450054646421594,-0.44449924846344896,-0.21957734253529462,0.514330792888743
-2.6009561973371937,3.0146667122103232,3.0146491768287373,-1.515213194160492,-0.23033436887797354
-0.022692352631944197,2.598453590283914,2.5983855749352043,-1.2975736671711524,-0.47078851404509403
-1.3447295895847122,1.748714359974374,1.748690143610023,-0.6050451623548848,0.11585142016290885
-2.928746319464502,3.6998471293520137,3.6998199403641987,-1.807134351796288,-0.1195151675754421
0.6597474320301981,0.8604401482939555,0.8604156372533942,0.3806078741284709,-0.3347062140188136
-0.44178410435404614,3.1282545484899766,3.128176786126088,-1.5732743825085698,-0.7597588553138606
0.5971278402441027,2.588940350162279,2.5888746978608905,-1.2964000084761749,-0.7620291019430312
0.14526809954521727,0.12958758064852,0.1295750025973507,0.05900254529485221,0.23505060133162858
-0.14438369708441598,-0.1274433835819104,-0.12744830936337642,0.4927437808695634,1.5903502536053855
0.019078620607732258,-0.07000936821793272,-0.07001719572866869,-0.06497762350396638,1.1184517991485432
0.16320338502943774,0.20649955661213254,0.20648507241715003,-0.17493448447631946,0.05349710189754234
-0.27066146474822045,-0.13234482485602728,-0.13234740158642724,0.1978148302001618,0.6590667657575429
0.30446858104706914,0.38809873052657096,0.38808088507945515,0.12741405022662206,-0.5067950390887106
0.031374800136139,0.45822121574323493,0.45820143748801756,-0.31974761609446517,0.015779039391287965
0.058060971352006815,0.4619905080023115,0.46197046598998953,-0.33825107687470013,0.21804141700911012
0.1381184796932121,0.20004968370119638,0.20003552345457498,-0.21037396574842213,0.7345771689175654
0.3080311202083046,0.13111120370396387,0.13109948703705618,-0.22173607133119355,0.5288051368907464
1.0489973506234063,1.8032258886276658,1.803185043970395,-0.8401301074882987,-1.7873248654535923
1.0532090510039287,3.7387301473554726,3.7386422594173974,-1.8107901998062235,-1.4168601555894773
0.8312550424371584,0.8731571883179731,0.8731352576308313,0.5092877635624505,-0.4282677717639283
0.5797588538557543,3.1292594303781778,3.1291812872114915,-1.5720689437850501,-1.6324545618941073
0.7624912641428241,2.614543164388333,2.6144780119028956,-1.305659007087239,-1.3736176756039093
-0.2589769320972826,1.7652725207132913,1.7652250052711786,-0.659759537126601,-0.7119443876483801
0.5289078711618166,3.7710855529222416,3.770992639594384,-1.8207772866160141,-0.8501162926911717
1.1167199597525317,0.9746427358463908,0.9746256911183956,0.1839610661274665,-0.3841081255151167
1.152496475587928,1.715442201198369,1.7154058353554162,-0.7278840052918959,-1.7437844662012092
0.1816233859178487,0.5829524935820486,0.5829299145409906,-0.1491524922719098,-0.988860147414963
-0.003963997086903311,0.12047718889882209,0.12046517365610024,-0.008396533649479966,0.8504146310751619
0.20484147061188226,-0.03219043236364657,-0.03219919864156453,-0.21753506801532155,0.8243568132798245
0.33665627613967725,0.4088175680033028,0.4087996155624461,-0.33494488366066133,0.3559096492071282
0.2522518998694218,0.44057129830046965,0.44055209548567437,-0.2911176653552696,0.08943018424397936
0.3772209432508996,0.3316987045921195,0.3316828420599514,-0.2524963766583446,0.010757322008794602
0.01872758402665074,0.11803215542753019,0.11801983684833856,-0.14247741343120604,0.8010179907031257
0.0892325042760609,0.12696109524269195,0.1269485761680942,-0.19575363403613,0.6191701447249979
0.374899341997713,0.3127521133545789,0.3127364971404531,0.08437959727339385,-0.41186241977923127
-0.23987389475434567,3.109330526792171,3.10925211464299,-1.5783387672768425,-1.1601994652516916
0.7400459728385975,2.628707162682028,2.628641692150255,-1.320047888317258,-1.0988448679617862
-1.1145092542524997,1.7689463402368224,1.7689141465612943,-0.656172119002447,-0.08510911670277996
-5.298731943773015,3.681633510785867,3.6817482350310105,-1.8044982153968478,0.18850179196238098
-0.18157966452113922,0.8498489439649778,0.8498216257169845,0.31898560800008,0.7038731097367775
-1.7070014749723785,3.1670293760013726,3.1669747449532495,-1.600685847254836,-0.467202839036386
0.4431581692497576,2.591254265355111,2.591187128141304,-1.289072834946243,-0.5759959335952637
-1.51368425516816,1.5424703234093007,1.5424586194134426,-0.3739716414416641,0.23521244622575738
0.33128283137553466,3.5191844122132467,3.519096080498567,-1.753593294456376,-0.8617329473061591
1.41573107303663,0.9842878107398109,0.9842802218786032,0.04071590475510785,-2.421875739436105
0.1654380554893096,-0.11701079296273693,-0.11701783375617031,-0.1404845104307949,1.010309125302172
0.17464138936723422,0.2168265540275458,0.21681201706369937,-0.1283846793535105,0.37758050824730766
0.2702700987681999,0.08279734231123617,0.08278617315285361,-0.11952052550843074,0.5277966081942702
0.08638538423233588,-0.23427862852084855,-0.23428303611674656,-0.18187936069185803,1.6342140173100586
0.11434217297601333,-0.17690408210283928,-0.17690986757853097,0.5867300081821077,0.16592030499436555
0.17283249950623772,-0.25641791401423575,-0.2564218244822408,0.07808517501346778,0.9221101451675029
0.43325957367342904,0.2894132389119433,0.28939904235849667,-0.1358884764829211,0.1707733497062076
0.0217620398402095,0.3947635514349833,0.3947451980936348,-0.3322910917608322,0.37625295230757233
0.11607543148244616,0.2475515790334577,0.2475363521527237,-0.22604578977504056,0.2760471460667759
0.44799613448343684,0.5193862805350715,0.5193667409190783,-0.2647348554295697,-0.13494683784592573
0.4239514827655218,0.5104602066932095,0.5104406883889591,-0.17784266609788482,-0.7641434038392785
0.3861845012946279,0.9152723077101493,0.9152429830514459,-0.11102951547022434,-1.2270067159317373
0.04766825742274038,1.8651033269078048,1.8650517786158707,-0.8023959901860854,-1.0222494311387218
0.7232443485550549,3.7826261109067394,3.782534013156596,-1.8217607585534463,-0.9052946862885025
0.7872590594243499,0.9321557564185807,0.9321317844673728,0.28926410014673615,-0.6376406891437243
-0.06995756127697407,3.1515409397965617,3.1514608633539343,-1.580462629557669,-1.104732840585225
0.6788951952496258,2.656596665354566,2.6565294938604547,-1.352156568393819,-0.7329885737961769
-0.3650825088054488,1.8258029515425795,1.8257547933935712,-0.7607476004300918,-0.5681876978226281
0.3151458992693083,3.7601826739969235,3.7600892890111677,-1.8167811793967552,-0.7543217335931588
0.6958892639008215,0.8991132337532128,0.8990882125641895,0.40917123979022235,-0.10367118465834191
0.4447765689356403,0.7310969820459585,0.7310725094402127,-0.34788769535635533,-1.1628809726984026
0.309819396159024,-0.05400075785922952,-0.054008317918669876,1.7108916403905108,-0.6231403071824184
0.7371489670294196,0.9329245537562206,0.9328994898261529,-0.4342425315101272,-1.167498278807128
-0.05585272269771327,0.33932022321263217,0.3393038313040062,-0.20074160409092182,0.00010907284025104623
0.04270803975028151,0.21582579197596283,0.21581145660309606,-0.27795247534570433,0.8855857143354066
0.30884324364638355,0.18430635499604509,0.18429308561685462,-0.21672480370386282,0.4378395676808203
-0.05955655869903686,0.28279928902960033,0.2827839871543181,-0.25597827873011625,0.11258234028109401
0.022626603342651066,0.3139551056471208,0.313938566823788,-0.2016268992716007,0.13771022643045838
0.16096961216456426,0.3492579856292823,0.34924065409534716,-0.26516915373481204,-0.0865892963829349
0.07859810391753012,0.3736230576365356,0.3736049998763438,-0.14383840472071388,-0.8187747788003025
-4.101282523654013,2.8483030523569983,2.84837881225258,-1.4491681195017718,0.03430381922025714
0.5463523991452288,2.473016387396722,2.4729526216395614,-1.19836722135686,-0.9854192447203424
-0.9953637867040674,1.6786939750565113,1.678661300287717,-0.48053743093443185,0.03488595403877286
-1.505715827359895,3.737738878840445,3.737663909751122,-1.8105399142803467,-0.3046850285793717
0.4888800171507695,0.7250719896767004,0.7250483688367377,1.1137534879034339,-0.048968286002368834
-1.50193111548466,3.10100451610993,3.100946352280266,-1.5491416604969441,-0.223923848208988
-1.0684240393796858,2.5072973687742155,2.507244296888517,-1.2293595820719172,0.046237960528074266
-0.31673125124529083,1.7890991479868668,1.7890514557669637,-0.676022361630984,-0.49688395569397875
-0.6374705235919369,3.6937465469369766,3.6936578778927207,-1.7990809274719455,-0.5972256644796957
0.18849176745812513,0.6640348189433621,0.6640100609958252,1.1900156891707274,0.9250103390721306
0.7078828974945165,0.8498021927755267,0.8497788162021109,0.5711182040111369,-1.450504637182845
0.1367208024642672,-0.04966910790175581,-0.049677839942340395,-0.11157844077551858,0.6187775153198943
0.15680941065593473,0.08350667070290765,0.08349512737825067,-0.1883198642787546,0.08830474115892019
0.3866357197357574,0.23004155691238318,0.2300281561659472,-0.17180971046530938,-0.06990857054544021
0.026331885754200618,-0.4782821319942396,-0.47828079192010264,0.18581640374775396,0.8208704491564014
0.5178249630990515,2.9819480445278193,2.981873209173342,-1.489951759636402,-1.7734693714369563
1.0786269717782255,2.7616919062539345,2.7616277484718057,-1.448193910927134,-1.4747799417463319
0.2685177881667872,0.4009228863026641,0.40090439465616723,0.5403335494544,-0.7915124409114931
-5.95656932657259,2.49564503783103,2.495916433542746,-1.2689076700896813,0.9436010995195122
1.4338629433660033,1.3388803572430652,1.3388624776115738,-0.4834112161132425,-0.9886035803908274
0.06143157392790251,0.3548665162534303,0.35484905878241324,-0.26519424338548697,0.5009577100622955
0.27767876581901674,0.32004941874556503,0.32003292219642815,-0.2974640585218993,0.6051117284954937
0.18405301657592626,0.3222746678894375,0.32225758401538507,-0.28620525154182236,0.6749313276723827
0.38808438677200324,0.3560336838797261,0.35601745403563834,-0.08267563054963285,0.6090934884577786
0.447122400124669,0.4919977858199841,0.4919788612005621,-0.12362416878250548,-0.6479315839218932
0.09472102584811033,3.162820335964126,3.162740006247631,-1.5964753051117369,-1.5716895483318656
1.1064292331315386,2.6569036827442947,2.656842594412752,-1.3436882935260297,-1.555964639110715
-0.2842533303504631,1.7804052179822791,1.780357362742122,-0.646393262922756,-0.8868383367343906
0.8107435913468174,3.7874717552631783,3.7873809816607,-1.8228594266079303,-1.0890583652421089
1.0763192806829567,1.3339822297505761,1.33395407118445,-0.5129547512138474,-1.114690931376023
0.04951994974237401,0.456734133847362,0.45671438898391287,-0.1725470041950763,-0.6289215269737478
0.2902710798892897,0.2854032048956934,0.2853874863120104,0.035068065940680765,-0.4237631822320666
0.11611207066914082,-0.55615555243823,-0.5561528219893954,0.9328850632206327,-0.4780556573289662
0.020519214418106918,-0.847352724771668,-0.84734278392133,0.03308703914565729,-2.7098661148236483
0.12036426252174919,-0.828294091890443,-0.8282851163512293,-0.08762713299572913,-2.075514904131152
0.22172743292147276,-0.8593223279152948,-0.859312207852451,0.026126482140304018,-3.0868173932920455
0.04517038902832867,-0.8439625918239729,-0.8439529509967116,-0.0167248924205874,-2.418968434034826
0.07516083311426888,-0.8369732890010372,-0.8369640737944523,-0.016843224800453444,-2.8255656060964593
0.23399414055924692,-0.8313029608276147,-0.8312933803676484,-0.09238672384261082,-3.290404592032067
0.08091087283593262,-0.8394815530082533,-0.8394722814797062,-0.07578993885572438,-3.0109323337593428
0.09117932627818019,-0.8193625995678112,-0.8193538693611463,-0.06568449856388567,-2.88596830012646
0.11836377171182841,-0.7823709448188116,-0.7823630004636145,0.053249242200044365,-2.575228730196726
0.12994665204976913,-0.8003573454392928,-0.8003490419872286,-0.13474131111466608,-2.4112366420672253
0.21550735603839916,-0.9143600761349081,-0.9143487202236982,-0.17449657596968624,-1.9483034410130133
-0.0697460160877554,-0.3210400590988147,-0.321041264669885,3.804792917092271,-1.3407353147464425
0.1636845164650276,-0.041669549490681815,-0.04167828203851382,1.4093904042083325,-1.3122828005724716
0.1879249233938612,-0.03093773334668834,-0.030946527753410315,1.193412213055338,-0.988047729372419
0.14416701206703064,-0.3695437912226464,-0.3695450719393098,-0.04927386496424171,0.3872740851921564
-5.44481141621004,1.7365217930641985,1.7368216981894042,-0.6282556490987306,1.8130765413009946
0.1872853536182712,0.877316611192469,0.8772870640963388,-0.05565551052015951,0.16862864669074062
0.23662277059302292,-0.42850859457531715,-0.4285082825843596,-0.02129890163123815,0.1488792023654661
0.31488482735263607,-0.357539662056925,-0.3575402271648153,-0.0019441593859291905,-0.020282893117386437
-0.0939626777820461,3.1418722206234193,3.141792719526235,-1.6116965715073424,-1.0992055428681857
-0.27047332883655956,0.47484027841477056,0.4748228137754659,1.52655250162046,0.5886090526162187
-0.119261254325358,2.291444081981968,2.2913836768736204,-1.1120968457471405,-0.5301161538461483
-1.1519014821178977,2.5803832703827516,2.5803303485784523,-1.3595668492968382,0.15847592390068488
-1.302979584164198,1.7353585661511897,1.7353328584922085,-0.5612179426778727,0.13401244318628477
-0.031990257118898385,0.17661103756306554,0.1765977618595255,0.9686649913179773,-1.2846914086663819
-2.863272231968352,3.341007926911954,3.3409905866932825,-1.6900151424754262,0.09170775967773281
-2.103229902318493,2.8402715204313,2.8402396308473143,-1.47902102269273,0.4676975614427515
1.0273067777102765,0.8399006132717851,0.8398846238063344,0.036460421690426056,-0.0021976368691831592
0.11070467180962731,0.20508501966540785,0.2050707463525378,-0.15993194001013042,0.09547954740066761
-0.16646976574117578,1.4020055686485535,1.4019654937284216,-0.4337330439219077,3.024912759221876
0.18149610181796386,-0.1487512681333927,-0.14875723796983467,-0.14368372208826885,0.4425658099601581
0.23278537245594008,0.34250843938519804,0.3424912594093475,-0.1370488566495141,0.05969058666922997
0.11549917228778847,-0.1455813225406123,-0.14558763223574833,0.13554310146614756,1.2219838081856529
0.0645031234959087,-0.593118278769236,-0.5931144496597175,0.4791841629024542,0.21397401383798975
-5.655672668814634,1.844551790622442,1.8448639577650365,-0.6699882591083712,1.319723263558945
-2.8013614427423503,2.3600991888691945,2.3601171293525534,-1.1950205780101606,0.36227601912737334
-1.1277410560325343,1.6546746110785322,1.654645699801528,-0.4800433240581884,-0.04299905783330278
-1.667448535910418,3.420870064140928,3.4208072255417625,-1.7158392471695039,-0.08801421297250052
0.6078156834088372,0.3692768091275666,0.3692631478238868,2.034173575698947,0.011552930749863003
-0.6763161372787151,2.9502260190602803,2.950155478396078,-1.4950350710428337,-0.6801849720700512
0.5831588000944257,2.2489621180074324,2.248903741528707,-1.0384845813837384,-0.8086432792819546
-0.28984361354975763,1.595983060367653,1.5959397044843382,-0.352167026583664,-0.5430634383754949
-0.027909831289167915,2.464144767047554,2.4640794093056253,-1.260757754136376,-0.23747767283482543
-0.06674012944071656,-0.41932243365650884,-0.41932152189985294,0.4886637984893198,0.7771090664370014
0.01043552962399772,-0.7313501716445335,-0.7313428803601991,-0.16200156724221335,-1.0089182020791998
0.20842149492368617,-0.7534079112413782,-0.753400303779537,0.5512797248500871,-0.9749504551177184
-0.6173436329735883,0.9435338495416526,0.943511413293472,0.8826543220861023,1.0936031432136561
-2.0324021684393077,2.788937281427369,2.7889043950993737,-1.458904573613055,0.028218951080971045
0.5443737509890241,0.3422046462154317,0.34219087632799555,2.232764063330937,-0.44001393074280754
-2.6328888318350616,2.865925205683423,2.865914234374339,-1.4632495142069428,-0.33618569459969067
0.13988322326763103,2.3226735182886245,2.3226116954598193,-1.142724647572427,-0.27264046611560855
-1.6882466429394425,1.7004402639611795,1.7004296699220034,-0.5750266672203264,0.11401652028841489
-8.080920108930277,3.3465138198673077,3.3469348400849013,-1.7123965104437093,0.7983657501068863
0.44004582270679643,0.6783632524551263,0.6783399639620242,0.35394016690195124,0.7529342574432535
-4.982637022854341,2.7478016084103594,2.7479541386541295,-1.4447135764653254,0.953996921427499
0.7297673098943827,1.6588048368500377,1.6587622197631438,-0.5712178572920147,1.954524670730081
0.6870740808748829,0.9266554162864957,0.9266295975305999,0.544016060116767,-0.39916181615359764
1.0992181908537941,2.1738707515824434,2.17382158425822,-1.1563910602258014,0.4950776089563018
0.3583726997887605,-0.016549383080627693,-0.016557336295900886,1.9165153524230718,-0.9686423816318741
1.0698084240533214,2.9535301280281523,2.953461662603349,-1.5290608646008055,-1.6881576408909023
1.2532415534163852,2.1931555276693464,2.1931091514615435,-0.9986169258700317,-1.3887225618248251
0.24901697775348153,-0.7343796845456295,-0.7343721461156097,-0.24398455267708286,-1.8090544578389567
0.12380803351564691,-0.7359667172603289,-0.7359598596714256,-0.3645782143214747,-1.6808270722814995
0.03126230840182749,-0.7714855304182884,-0.7714774722516531,-0.2919927925143396,-1.8706686704902484
0.39647838745001535,0.019995627641949447,0.01998730162284862,0.9433007176711021,0.2425328472144745
0.3981422926377589,0.4917156665732966,0.49169639005011967,-0.15370962732205257,-0.28715907089390547
-0.11335278139280842,-0.03334586741174681,-0.03335335390971662,-0.29666112396867406,1.2388616129696681
0.022274099834886478,-0.06426712202702138,-0.06427507847736338,-0.2806444170051611,0.987962188152416
-0.04185668289048492,0.33290438373462977,0.3328877776522319,0.1680170461228676,-0.23879221830109512
-0.16917223450407584,0.3301650506301267,0.33014975989340933,0.02564282401481656,0.05484552151826433
0.18939408637075578,-0.37933100047939755,-0.37933197186893847,0.3307902635719428,0.6611432476298138
-0.27131212366887614,1.6608987885921183,1.660853616816134,-0.4070905947653037,-1.0094577579313395
0.43197450486614547,3.582500210843164,3.582410457400147,-1.7583748909362835,-0.7219186352952824
0.6399780611933766,0.63829246764228,0.6382727657106172,0.9762301226391934,-0.1471920002695295
-2.8915383293839145,2.960452886533536,2.9604508980442263,-1.5148214300687135,0.019830952207585576
-0.2560710221457207,1.8860937153546817,1.8860434869259222,-0.9447485627196092,0.1828929757322154
-0.16106058130875478,0.14713933850577116,0.14712815753070996,0.13822011147011803,0.9714574892587813
-0.016173217611866804,-0.2761964435636748,-0.2761993725555934,0.46165181113599485,0.1422937758744921
0.07753006845174104,-0.6322792066210986,-0.6322745877298688,0.6640023758537117,-0.22543897528077578
-4.339104698738923,2.9699675596418205,2.9700534842047968,-1.5024249476230753,0.2965417791950426
-0.9952322351811046,2.163295310106614,2.1632492461582107,-0.9486073972993974,0.22105787460430004
0.10051352950686895,-0.701327310097044,-0.7013212303207536,0.1487773115844166,0.07456604772874272
-7.893611749083227,2.137545256502289,2.1381302707279977,-1.0511014903943132,2.887957884011296
-0.06890701609086775,0.12564274752483787,0.12563097453039315,3.7790506186158646,3.3739547400914116
-2.112185582042693,1.7522266102531354,1.7522338400211537,-0.5567829744875991,1.3295133024085748
-0.5296389794132819,1.6907407355750654,1.6906977596202668,-0.5183038685076237,2.031724821289276
-4.787992962736171,1.5443049045677602,1.5445496582278149,-0.22906941130915232,1.3657603866073509
-8.432972008441052,3.421733080350795,3.4221875189376467,-1.7372961666281217,0.7068556662264932
0.03041310146752967,0.36402401743924173,0.36400635434057377,2.189653025453262,1.5519302244979083
-3.883031735594853,2.1627024118802423,2.1628035973171826,-1.0709053435780118,1.4713698937387647
0.4548854787137612,0.2398120181376643,0.23979911447706642,0.5066643539103227,-0.3268499324749258
0.12072046059464103,-0.7833920373684893,-0.7833840700851091,0.6863987880570885,-0.7740895533498177
-0.5597637857768084,0.424356158740858,0.4243460968760168,2.5992934473537113,0.8669670492608286
-0.02892497532853805,0.3695485392210428,0.3695309311909835,2.3261520553889636,1.2803859003570353
0.16029609534613545,0.21338684869793276,0.21337238897115268,0.4473938176318398,0.349556557785649
-1.6991579513549742,1.181619745082858,1.1816288612985562,-0.17316029988522458,1.349049564968172
-1.8220602283969773,1.7690373348890873,1.7690298576349694,-0.7234845167148684,0.3723988842837695
-0.10955516466605388,1.846273165835564,1.8462227568438294,-0.88874993858622,-0.11193934275587085
0.25919131451331306,0.21156319406267834,0.2115491335238771,0.23749153885819813,-0.28439744996142524
-4.741965850469881,2.610447330296424,2.610588615225212,-1.4023875222952586,0.884451293481116
-2.834219943916492,2.2463949224242414,2.246419714950181,-1.0511370699978657,0.35845187719609084
0.10731132289419405,0.04365047564087512,0.043639827269502704,0.6244851643314385,-0.08705008732493938
0.2645638668115715,-0.2521884539172288,-0.252191921997968,0.4793615462379801,-0.5504826352725792
0.09189396320576344,-0.5664002426829431,-0.5663971926344521,0.06453331443956926,-0.3295249569013098
0.06944664590139767,-0.6034250352482202,-0.6034209747050301,-0.4714497206962444,-1.520567240335905
0.2748230186050787,-0.5788965132012194,-0.5788923765175935,-0.48192248922824565,-2.036888423321894
-1.0367147880667866,1.625825723843925,1.6257949526856348,-0.2994491096411395,0.004177794861184914
-2.7668422574642304,3.5835176313645514,3.5834880391636608,-1.763318956588271,-0.1417553216102075
0.8347150198293216,0.41834692922474814,0.41833771877174214,2.136834569706776,0.5713285520871786
-6.133905046949617,3.0801864443076967,3.0804178465035337,-1.5588460329202984,0.42361642235616404
-1.238503663339163,2.3474502157110444,2.347405748463334,-1.1085292495309904,0.18961053996032598
0.5088633336022911,0.9365080951208115,0.9364797265763389,0.8218300863785483,-0.6041748000631944
1.1650220188485498,0.8111180016697332,0.8111071364878611,0.45911036160951396,-0.9182823695638087
0.24991671672163113,-0.4957694950139135,-0.4957674935897878,1.2286748683558577,1.7577335753386825
-1.6192548857737477,0.3837324202045042,0.383772886576417,1.815820146773077,2.8075443866240204
-3.7069844487240755,1.8956872027287073,1.8957925926813317,-0.915825905451503,1.1340767202510653
-0.6504031954273677,2.0184178520810114,2.0183689512355314,-0.9576208216004488,-0.34294998031723106
0.06096377818943146,3.6236537961932966,3.623563118664668,-1.7693540377069894,-0.5034563134128849
1.1130919115437572,0.8233274061730443,0.8233144756412872,0.34033908579796235,-0.9470920963525657
0.16834982288937522,0.33862898627741495,0.33861189341297315,0.12817679756719197,0.10786351540107698
0.1270984117754292,-0.18337267340188898,-0.18337822406856097,0.13321141026459693,0.6480004026380495
-2.8389334768378243,2.2623652003900614,2.26238999254907,-1.163935587805838,0.31596558060325164
-1.5784614396493377,1.5821027934306269,1.5820916324596042,-0.4986889739669091,0.23803722183455242
-2.7951907489715304,3.16719058699948,3.1671757168180537,-1.6192864991569533,-0.052849071398576704
-1.069895890012461,3.509029910565808,3.508951479308676,-1.7436999532802768,-0.466938374528086
0.19054749594367668,-0.21759875347836027,-0.21760353561349696,0.6555271839478714,0.007172876580499867
0.40366622561477306,0.49821390278366484,0.4981944803454594,0.8541865071785545,-1.9509143414469798
0.9575586198040021,0.6017391276848006,0.6017277695532495,1.0150768601960611,-0.15764037245821275
0.40768053716147984,0.09586438932447743,0.09585435970578918,1.663478826860652,-1.317264635716826
0.13663665421544746,-0.05228529371603813,-0.05229387745166938,-0.11169354253459975,0.26152608318714565
0.32586970778334934,0.43407252472010766,0.43405382607102555,-0.06215476444063406,-0.04292888468339739
0.3424120245655307,0.031020131309173023,0.03101084126246749,0.0009053867144622905,0.5886462265860483
0.3039478938821792,-0.16653158736129356,-0.16653662059058064,-0.176969330480274,0.8870984980755952
0.09334441260922034,-0.1484858969181752,-0.14849205183271988,-0.12769818497822313,0.7889301605086366
0.10319784633434458,-0.003640233283865828,-0.0036499093228778657,0.08954996205986859,0.6321866643127356
-0.08422308474828807,-0.20672874368432273,-0.20673269518488138,0.21486838552968668,1.1532725585756642
0.25913955149203494,-0.09114493612477159,-0.0911520203666868,0.5270459303291316,0.4825156056523076
0.2095864501328434,0.4378885681686353,0.43786924647405306,0.152804170138974,-1.0991388400430615
-3.0886102249701652,2.9825495406740905,2.9825567284568475,-1.5319388347491125,0.16752297027270743
0.491401776959481,0.6389548657211691,0.6389329994839404,-0.41465757917404455,-0.4245780766955247
0.6402327524918889,2.4213020486839207,2.4212401606266676,-1.1630193303868397,-0.5040141951940728
-0.07394409354075951,-0.2387914617278616,-0.23879460371457084,0.9095978380240105,-0.27102892671224543
0.15490248034010065,-0.6971343911596081,-0.6971284055334633,-0.01395428810759355,-0.1262172239377806
-0.5835244692119211,1.7358590367386468,1.735815764149528,-0.4781318822371526,-0.5279116647537834
-0.3279191625355239,3.6377027973083416,3.6376125207928247,-1.787682329872458,-0.8379039713866148
0.0437617290834393,-0.7972233588552569,-0.7972148123166883,-0.16667356654224624,-1.084393223612491
1.0250332259996318,1.1677672422621723,1.1677420995030576,-0.4465639776546815,-0.4599143895700986
0.11316164321135559,-0.8100896086141891,-0.8100811314082742,0.16512293410487888,-0.641913632536935
0.040582165497884966,-0.08289066433668828,-0.08289829216325477,-0.20037083528375005,0.8918957221965448
0.1604353713151987,-0.8000766143984224,-0.8000683172500498,2.208081908800896,-0.5411572425169726
0.3190927732215081,0.07344495494104628,0.07343471226363434,0.7000444692009313,0.5035083492658666
0.0832220696808094,-0.06396726957054207,-0.06397541187324784,-0.1760390466150752,0.5481513769389925
0.08367451398025098,-0.07722203783491255,-0.07722988250764197,-0.13903997143629465,0.16030153515409135
0.029209041891128638,-0.4329367920083239,-0.4329366492631094,0.50591731195875,0.8361997527633123
-0.34354191119376287,-0.37269627229063185,-0.37269049656666836,7.947714617164562,-4.065785727345646
0.34933946785670067,-0.06189114059991872,-0.06189807568602136,-0.02260170096955698,0.05920453482582807
-0.4327309304256794,0.860101963444593,0.8600779973557505,1.0541421729409763,0.6110930414639602
0.19992876392496634,-0.13857357001455978,-0.13857985794637945,0.12222780787117579,-0.45217458768266067
0.0008828312562456702,-0.8423797685075575,-0.8423695810841412,-0.025648034311496728,-1.0559201511799634
-2.7179044343954155,3.1492567590767147,3.149239425682541,-1.5798994987100206,-0.11307725128037383
-0.24987792440374132,2.4016497115213333,2.4015875482714084,-1.1432422172261998,-0.3177958315182952
0.15917282188414594,-0.8562011486494419,-0.8561915912494021,-0.1397576334489497,-0.7794615961483636
-3.135122510414095,1.6477683319196215,1.6478445396352,-0.37695753546776295,0.791923105237558
-0.009698459688509416,-0.7926266959292282,-0.792617670468944,1.4882291804969956,-0.752447428622546
-4.13777161707761,3.5574301094041885,3.557471317756265,-1.7622075349903983,0.11608926225508082
0.13020413647157464,0.24028490373211198,0.24026984002136745,0.27829606700976023,-0.582515380548023
0.035586654390089706,-0.07783392313439483,-0.07784166450785512,-0.27299712627965617,0.7261019517089119
0.8723780649285172,0.7756123540766191,0.7755942257894974,0.7135120839759506,-1.0078564530315552
0.2792557222615456,-0.10533517598649167,-0.10534194159282832,-0.30945525557327974,0.9851488866958407
0.47411748250606567,0.4010540045811246,0.40103765942213376,0.44885306373163536,-1.2577451064878764
0.06530370129775132,-0.20562453790895432,-0.20562949936016675,0.09228617493232666,0.9505167992922778
0.14569376730357855,0.1712600862892265,0.17124675161962863,-0.04480723590484513,1.0171712502679702
0.14901305437341675,-0.5766470824076309,-0.5766438022708724,-0.25477859569983796,0.10407409901446908
0.06734912539272145,-0.3595578446298954,-0.35955943913624056,0.1651102991660123,0.17300549695611636
0.2930066006645873,-0.8256191088426844,-0.8256088051943898,-0.051151521328088104,-0.8356222372409305
0.2381624076000762,-0.5756101374431394,-0.5756063432325956,0.2551870096477668,-0.22728238922054125
0.20714908477043692,-0.8474498991788604,-0.847440135265823,-0.14051125405790219,-0.7127245955168225
-0.15406748535484602,-0.5516489885478101,-0.5516433142636257,0.22280514392842196,0.3329941916164204
0.10470812942039362,-0.5443692372432846,-0.5443666818913057,0.5053290979242984,0.42020295469543173
0.2888450630216887,-0.15913934660475546,-0.15914472494285803,2.334969676917064,-0.6761563077139972
0.09656913291686471,-0.7680508405419497,-0.768043172958552,0.4051558560624314,-0.7546309064149056
0.17033709308667874,-0.7757402469049987,-0.7757324066593718,0.6619133071951946,0.3401040589941415
-0.023646880798795025,-0.883753765116769,-0.8837422904198855,-0.1815909463181347,-2.591522874947623
-0.010678869365999304,-0.835457636933833,-0.8354475153841742,-0.1435276240542948,-0.9970269713189199
0.0875049621674892,-0.8994911827519897,-0.8994805637336694,-0.15286506122398935,-2.7744845851154385
0.22784588153427243,-0.8248765978539025,-0.824867161695083,-0.2129864628831299,-0.8258047953835178
0.18745017770554553,-0.5597732167974203,-0.5597701364365641,1.9154615500609509,0.13066444811368835
0.2271980333682402,-0.8820487349076217,-0.8820379701938488,-0.21973040004540612,-2.1252283596178856
0.08544497395253103,-0.8966345686463636,-0.8966240585518807,-0.16226615058192723,-2.310230276445125
0.05719921347507448,-0.06378975834929296,-0.06379790463793494,2.3487914687690568,-1.706992659839027
-2.6998588152517153,1.9085385852511474,1.9085713224307703,-0.7159165477983809,0.17572029657226973
0.026216142161437826,-0.8870661585387102,-0.8870553259407294,-0.17879478259664072,-2.5652434028091853
0.12027944267952886,-0.9032091113958359,-0.9031985432325493,-0.1289200770698092,-2.209403503727168
-3.8750605175484214,2.39887974832719,2.3989659580634974,-1.2641790350800606,1.1986705755640348
0.07113934593668932,-0.9098849036082862,-0.9098740064237202,-0.13346144088395995,-2.462728076799694
0.0876043464502672,-0.32745670463180765,-0.3274590199550957,0.5307222183940543,1.1929125650711079
0.1298199267027708,-0.19200614928218657,-0.19201150608796483,0.6410469107175327,1.5887903185391963
0.015681351766713203,-0.9084070913448045,-0.9083956452061065,-0.08746413758879192,-2.578663478373666
-0.18571073522523554,-0.10400608086876377,-0.10401090600694515,-0.16110646031859813,0.7928218630751114
0.21615107013832452,-0.824473256892805,-0.824464008910138,1.0422020008793016,-1.2612997649402693
-0.021115057667873093,-0.08928384471329007,-0.08929097074519224,-0.011722458319497857,0.6483123445947112
0.29535724296280724,-0.16256158740957358,-0.16256679934311344,0.9214400032539478,1.0768869085499497
0.11550757634153047,0.12280220973818975,0.12278978404953204,0.5336628232362748,-0.4439040277110208
-0.8645376435986332,1.7854439572897838,1.7854049448724125,-0.7278137624719495,-0.33670028481984643
0.15797391706759276,0.21181414584973182,0.21179990055660977,-0.10323607091242405,0.20395253955602172
-0.8299259701318802,3.5506244975574295,3.550541549926007,-1.7531850510605973,-0.6804053412025893
0.20527621433795576,-0.012474237733475597,-0.01248353628950419,0.20807495426576017,0.7128189187626613
0.5014570156858129,0.7686134681554625,0.7685886904914923,0.3956605936800049,-0.48606661743786406
0.24032659633611797,-0.23394492175476675,-0.23394906816493938,-0.05930124638109939,1.4295184422586094
0.4807668252211655,0.7932851993057819,0.7932596885296591,1.2238043118396404,-0.9310833922987404
0.2087492299386097,-0.8406795746283535,-0.8406699627399683,-0.17004726459713615,-0.8309518434449282
0.08905446246129611,-0.6763782064683147,-0.6763725973534898,-0.06934547402367891,0.552814973816681
0.07947991663128345,-0.8562868143826027,-0.8562772550589767,-0.15444546121583247,-1.3401178844852633
0.1541998301525815,-0.7693776966180372,-0.7693699992406714,-0.1444895185800124,-0.0024581621227647093
0.05667730045187241,-0.7863639173377619,-0.7863556594229912,-0.17262085235640284,-0.11832638911631817
0.12007607682473294,-0.8415088260902835,-0.841499598599868,-0.23558258426057668,-1.2171605748265502
0.10920637674592094,-0.7024733411702546,-0.7024671461006873,-0.23899148879639376,0.40944276840603794
0.232815295708629,-0.7531067153599147,-0.7530989355419851,-0.22127000715890943,-0.032523657829019545
0.169785261939902,-0.6120352250954579,-0.6120310607739061,-0.31369627278611345,0.7054042586618922
0.06414132603307514,-0.7552144595985001,-0.7552070354705487,-0.1897696028604177,-0.2613803125497325
-1.5918979136054603,0.4149607817711729,0.41499786013436124,2.7605341460744555,3.5854910323306743
0.166796514228218,-0.5085897996383851,-0.5085879581382453,-0.44822625366985697,-0.3553639567428392
0.11472649494419199,-0.46643769127830986,-0.4664368858448298,-0.6149596200735554,-1.0171534367143098
-2.109897094351275,2.4573896679802014,2.45737067470279,-1.2534982151842742,1.6335620434628653
0.1161655173221802,-0.5238013111731141,-0.5237992176648452,-0.39339494372812633,-2.773253266790217
0.16720380693468384,-0.7107740954627921,-0.7107678035631021,4.973810013202484,-0.544831192950462
0.026501413239266462,-0.661013275800387,-0.6610076534596866,-0.2868084831623023,0.4563544553914408
0.06023345386583363,-0.42854656872153796,-0.4285464349971968,2.5910264310011555,-0.5211605841668256
0.11374653021736558,0.211503008623385,0.211488412078094,0.06465896352404087,0.06702343279729284
0.2622651106333723,-0.7245012119516167,-0.7244938057786882,-0.23872001175969196,-0.633549612167845
0.2651692561696231,-0.06082777494407079,-0.06083553994447124,-0.2058105128799566,0.49229092303641725
0.07935150925537206,-0.7959976178996488,-0.7959893227836893,-0.20307802869190208,-0.7323040163127058
0.2959309241364017,0.0398292376157418,0.03981957064512964,-0.2366012713517868,0.551928569818283
0.02649435557802204,-0.7440040706942924,-0.7439964952722349,-0.11377017179880664,-1.3000300747636016
0.201808804859206,0.08524165928920313,0.08523025612545163,-0.2593954332074497,1.0374591569619291
0.13293270986158479,-0.7499110207882699,-0.7499038948660074,-0.1216865778294592,-1.1851315429862466
0.1584414896895928,0.09637309958517112,0.09636126735052736,-0.168613407067473,0.6709347564499641
0.06734576069375608,-0.6835134052445374,-0.6835075463523159,0.1488347118756084,-0.6301686416928136
-0.4033683925094645,2.8838239254332674,2.8837520098898497,-1.4425024509893876,-0.49713269597920545
0.22545221622550146,-0.47826654826442255,-0.47826529809986595,0.8248630034196489,-0.32198789715112214
0.6684636026341438,1.6593744490433495,1.6593311026888287,-0.454141504376583,-0.11845284945183744
0.07938669497930863,-0.5926267643483404,-0.592623035835216,-0.024759407763421167,0.6785377214755115
-2.7204786753014036,1.583235211130664,1.5832856417740298,-0.45162374072173106,1.0102783365091743
0.17852371341626463,-0.3118441359584544,-0.3118466227357781,0.673308511770033,-0.027975467638080898
-11.456558120959293,3.1556550444682565,3.1566220071261903,-1.650900260675183,1.6811424772785946
-0.38927046797624837,-0.10670761895037727,-0.10670790544398497,2.4209507912234742,-1.4659762703047934
-9.672402367221753,3.106072273397094,3.106751250849409,-1.6194839806577286,1.0919229112292934
0.19516966908151634,0.2021149757102803,0.20210094820774666,3.440301448503402,1.9431512630421786
-11.267364216638386,2.586461283258054,2.5875492149735893,-1.3619981770056622,2.4963133929994687
-2.7886986854166045,1.7385892345532572,1.738635818551916,-0.616264261109448,1.4041256954006098
-6.061182905487104,1.943878185516211,1.9442289615308825,-0.8556043520432213,2.5113605321571972
0.3017318292843452,0.11369038500184198,0.11367905951173612,0.755550791005292,-1.1528690937204764
0.17020678280937077,-0.6795343595645903,-0.679528769139394,0.162714181784471,-0.3247492258602647
-1.6288828487643925,1.3067182257506935,1.3067191593559007,0.060033056028386454,2.2874336017323555
-7.12493593015156,2.9898330535685718,2.9901818374450113,-1.575970083097507,1.53443644357477
0.0697582498519217,-0.8029248544883134,-0.8029162694848292,-0.21634224033098712,-1.057389539380583
0.10733686973012657,-0.7975859044776668,-0.7975776184772598,-0.18708611678740747,-0.4373210272077048
0.42833195152219716,0.7601685195812847,0.7601433941869833,0.1608208515812648,0.8919264559514238
-0.604836226261048,3.0692190809831357,3.0691444354277277,-1.551061785322691,-0.6589840335085615
0.13308789570199434,-0.4949720379432767,-0.4949705917836252,0.487156566435198,0.5565540489580223
-3.603931433602864,2.0265976981249683,2.0266861772340374,-0.8534603473350065,0.713041407609363
0.7086432784277744,2.379305150690356,2.379245638609401,-1.1629415994805388,-0.822908205927579
-3.1132870913137975,3.1679368147973848,3.167937690358943,-1.6233011668135247,0.21174209504129934
-1.2257300350792169,1.697218909972336,1.6971919092908065,-0.5275768893547527,0.048983919785766945
0.38879587698797785,0.2039432875521467,0.20393047283084056,0.29589769098553387,-0.46079657117028355
-0.6043627884968729,2.773011067801032,2.7729437899431764,-1.4371659719634888,-0.13640442579619957
0.23456412877056235,-0.13372380582150278,-0.1337302026526388,0.3910988640900905,0.38173074043859556
0.028469977556803708,-0.33572620190304553,-0.3357279732998008,-0.08920017217556937,0.6072939998966398
0.34236048722528073,0.10876986709294907,0.10875883121021214,0.5062176450060336,0.20359835721868497
0.0979091037633636,-0.481505814586389,-0.4815046708048447,-0.14652671208133738,0.13349418966264906
0.28024050194439903,0.2395316901242891,0.2395170015652422,0.08175045357426973,0.1723540261799401
0.2553603072526187,0.0630812372427308,0.06307068992010237,1.2692175957655907,-1.080882998405237
0.12353699124196048,0.044112434712117746,0.044101775967658095,-0.09321842801583417,1.7026625387645937
-3.2935272854903883,1.9403838475705728,1.9404542012110195,-0.9105061099612585,0.30596911876399824
-3.6016815168508054,3.5648945368632123,3.5649044108450796,-1.7679799942424692,0.039847319734197195
0.05735428711610924,-0.18998536942091335,-0.18999068204275774,-0.15325940326513107,1.305551486657864
0.8733645782519961,0.7539242802546008,0.7539068180829219,0.29896426709950824,0.09980621655259943
-0.10868376918339606,-0.5009072895235885,-0.5009036502184255,0.7529524569192381,-0.011131365711016852
-0.025177664954607114,-0.7299734297206985,-0.7299657215522241,-0.18015062424769493,-0.17703697808134314
-2.68259741716443,2.9350385100519363,2.935027778027171,-1.516035259113916,0.14271682098093105
0.11712228819424841,-0.7076718584892168,-0.7076655466892354,-0.2286766503571299,0.05624438675932034
0.5461082533056689,2.1575314795542893,2.157474797871614,-0.9799947008218705,-0.3032482713230954
0.6361526446672436,0.254944715406652,0.25493469609557373,0.7893757756693837,-1.308539944853472
0.2174968676586415,-0.6974497377842387,-0.6974433868385065,-0.22698352987027356,-0.3291645819542197
0.26996297766355354,-0.08030358606373086,-0.0803110033030355,0.005090024414124204,1.2889636070918027
0.07703011316675652,-0.7446454665625949,-0.7446384140962032,-0.13073820938213263,-0.26128657479070716
0.13791612202994114,-0.8650643054212094,-0.8650545490028927,-0.20534774699194527,-1.158605578929761
0.013210821551395071,0.06771354571167436,0.06770253613398379,0.06654053907553449,0.8375337504824556
0.1543837012057215,-0.8869994798786597,-0.8869890965761916,-0.13071407227961573,-1.4519809162699664
0.2925160624334144,0.067963064512078,0.06795240757017099,-0.14274911817495964,0.7365696177358623
0.11060405397486582,-0.8624222362855642,-0.8624124944139177,-0.18977015367801608,-0.9960702001755208
-0.14127795684064284,0.08931528208803977,0.08930522040735743,-0.1889638873043416,0.46356158543027154
0.15808148228764174,0.09291888526572843,0.09290713059394398,0.034173700223145934,0.5117023689719475
0.25776372813674353,-0.8420514354414126,-0.8420412106107432,-0.22185618793468723,-1.3570821693203274
0.3509927250032063,0.08433153364322261,0.08432104651248662,1.2780137811132646,-0.5894723801610429
0.4789662188797255,0.31881597548671403,0.3188014769464017,0.10666407036555496,-0.9871708426027129
0.23526284749198856,0.3359419571856311,0.3359251037765517,-0.24384414555518835,0.027907174322604894
-0.014716713289006535,-0.22643311617463252,-0.2264371625801233,0.36231486467778456,1.487380320024948
0.13496199712190185,0.25532463599219113,0.2553094136902,-0.10139887100994306,0.6841927945466698
-0.00861339556332246,0.2654510152766266,0.2654357447105632,-0.2081025424792898,0.19760527179538026
0.09336334929912907,0.20819227209225769,0.20817810812671372,-0.2333438090130739,0.6400023568326814
0.20416594061609997,0.5060802829979693,0.5060594300885013,-0.2829611842195928,-0.47410722008628176
0.4977254824673964,0.7792616337037716,0.7792366169399394,-0.4484198813848705,-1.0579140135475493
-0.0021789729946352226,-0.004561912384710693,-0.0045710303698976735,0.14361340841967113,-0.4814343668064918
-3.5029277663490443,2.9769458463798855,2.9769757290240726,-1.5213630628422798,-0.09349209436335423
-0.11235420439255128,2.409934165590729,2.409870741601187,-1.188741929440064,-0.37622055258266746
0.6515417519119608,0.6321068016449083,0.632087596848266,-0.1675684547057687,-0.8342843203577228
-1.9758062905253255,1.8331187066366823,1.8331162387587476,-0.7751620323339936,0.9740905650749165
0.2506674344035922,0.6043084727479663,0.6042855932871226,0.7763906302639498,0.5867474742671331
0.6757322140905273,0.8027187295450191,0.8026960519713893,-0.11671329948488546,-1.6834592787429814
0.5685225237267514,0.9246949114261814,0.9246673454994667,-0.0621925633700502,-0.5693769399947084
-0.5221967987297826,2.0248319003257014,2.0247807060238876,-0.9925740378887005,-0.4781765030843551
0.06045396474680757,2.8624183291045986,2.8623443865440805,-1.4873984233704207,-0.56667875270227
0.7479893295362791,0.8415969112185349,0.8415742562490254,0.11367004698595741,-0.20225746083624252
-4.883168643118668,3.064667557136577,3.0647893285463974,-1.562320861286185,0.21450046512338242
-1.7941951046190918,1.6618850416538717,1.6618799704572471,-0.6574784888110581,0.6101705877457734
0.1103727886235327,-0.10083774738596443,-0.1008452408976589,-0.13517236519777281,0.5662869115733875
0.1365210221809202,0.2745083865202804,0.2744925543363216,0.11837732884991455,-0.44786787447477006
0.14667507585834538,0.24428884755510008,0.24427369393756265,-0.11457299164008802,-0.07515106557481592
0.17359083392289934,0.08587503938843304,0.08586326376379251,-0.22414158098299836,0.7799178342018479
0.21431898129345556,-0.013201926266598182,-0.013211118923047108,-0.22332953884317006,1.0433433678941502
0.24401754800237904,-0.01112069228103478,-0.011129752551365987,-0.2629410576617184,1.2105408329624014
-0.02345898082639087,0.00996543758638457,0.009956082955614723,-0.04050730639964933,-0.17079994171859472
0.21134850605138147,-0.43053994271313295,-0.43053958510914875,0.4587589238617911,1.1692449786834997
0.32562242292585225,-0.23414751024238808,-0.23415075650698008,2.6915220336967294,-0.8318575890654061
0.3627678788451808,0.38774012561744814,0.3877230046998838,-0.0010897259681555062,-0.44820711149952963
0.025740057774296,0.1626181020506955,0.1626049614330428,-0.2149998206051992,0.4079779125852766
-3.456482446621108,1.529968589629422,1.5300786092460492,-0.5157713806510058,1.2357473981265552
0.2844374612504909,1.0436005611633963,1.0435674593538053,-0.27120059133548363,-0.05573724939132846
-4.2095175034451975,3.164582193050106,3.1646479851281084,-1.5966896378951667,0.08715537738462353
-1.214962834258397,2.4304169185168996,2.430369513572609,-1.174295891125683,0.14834155421328954
-0.7853292652550116,1.7720749083400886,1.7720351214029615,-0.5703316010364872,-0.4328899326510044
0.09100979879311435,3.566272353527035,3.5661826062347797,-1.7577970231875746,-0.8362596916824867
0.6604825777212159,0.9174835852341858,0.9174577933084026,-0.03312170111257824,0.0014485786130123105
-1.6276510406797557,3.1858892715465976,3.185832067576128,-1.6163260936090456,-0.5470003745599374
1.3401981769506115,2.7404027400905657,2.7403440756879296,-1.4512666327036394,-0.9848932970123238
0.12698356337339245,2.208825953178687,2.2087663285081347,-1.1693844210557565,-1.0385011531582085
-0.8326402974069874,3.452315164938385,3.452234783038293,-1.726811129232159,-0.5669119107012023
0.6778546005452158,0.49400522099308064,0.49398965456445987,1.309480289129869,0.4864355755870752
0.4707472030643694,0.5679312110250861,0.5679109395927041,0.9132037248029755,-1.4381995456513108
0.08579299204986085,-0.1864155309911616,-0.18642101333180824,-0.13711772559260188,1.3429988817772913
-0.1713181533350648,-0.1648328712495722,-0.16483642010865315,-0.07122655108243041,1.1662840087948194
-0.026430245952063537,-0.014513467297865523,-0.014522361825275306,-0.17525113774874962,0.699826542744737
0.13149424783933128,-0.13655341708494587,-0.1365599294977178,-0.17197189071728516,0.9687388884079303
0.06104702884325282,-0.29644857520088647,-0.29645149723839254,-0.17656138963160425,1.2370099640007872
0.1184963234120752,-0.3045928652635944,-0.30459569398431313,-0.18066478100872743,1.2851152973635198
0.12929016741700428,-0.32804799074819846,-0.3280502927944175,-0.20499053782893706,1.0305227985309378
0.05123068374346173,-0.497045390502266,-0.49704371866708796,-0.23532029693510748,0.7360816739689016
0.11701573148629406,-0.22234265578266024,-0.2223471522762535,1.0910440371521772,0.23075698235537961
0.0783087962267659,-0.011809421489614802,-0.01181891409310808,0.5724846955062116,-0.18275650403740348
0.9462129369586249,0.6627813138714134,0.6627682268258712,0.49917037973525613,-1.6245435902802987
0.8950967585401366,0.9603512017408601,0.96032874610507,-0.4783155336168284,-1.177195520656174
0.05566080745544756,0.6388267925393396,0.6388027797462286,-0.4249581610317345,-0.4412247019491852
0.2598009610362141,0.43598448715765853,0.43596556645699397,-0.24357844556822533,-0.6378973368489893
0.0007833366975107301,0.26951604015556424,0.2695006783111597,-0.2846560306014588,0.3455010714580367
0.07762172572386153,0.06540375035546125,0.06539279264320685,-0.18118202279753093,-0.060819304585770076
0.14878593462869757,-0.31099768865672617,-0.31100037355995996,0.1314952645815573,1.6189517072198367
0.17054090870068278,0.14271499222438583,0.14270211940297842,0.1588877971608958,1.0217607931259152
0.2073470737106229,-0.4294119135347109,-0.42941176037943357,0.6232798927285569,0.8751812292540635
0.13400354518262952,-0.6400005864987721,-0.6399958837870166,-0.15420734279750847,-0.011729400002074352
-0.04009373450606276,-0.6287549550791449,-0.6287493406075747,-0.1763084743879657,0.3140047113122021
0.05697657914079008,-0.6216583573808022,-0.6216537978567495,-0.24612246037523533,0.5130329650906691
0.22010252951868747,-0.5957382261734742,-0.5957342486745375,-0.2137408880071943,0.5790601243669717
0.23347334055384283,-0.5453650734032587,-0.5453619583322906,-0.18500224192788411,0.8917605359756653
0.04570630966261978,-0.4699705407401626,-0.46996947685879664,-0.09978603907209338,0.7269117626881617
-0.1493850348660293,-0.019647768902581644,-0.019655294306349325,-0.038810828330091994,0.936977329677436
0.8011745516209806,0.9795272499657065,0.9795023934278096,-0.5401322213329754,-1.4906955803965594
0.8683847417174297,1.1390867309589217,1.1390591871797862,-0.7092436111906834,-1.5834257387710173
0.30535353790787395,1.0007433338099334,1.0007115525791022,-0.6231029409951355,-1.158601238621714
0.23533601943625665,0.6120324499139427,0.6120092178952887,-0.166431414994846,-0.6404883269497894
0.12239534208693624,0.20496178281352148,0.2049475122678806,0.5019167195841123,-0.6313265104833988
0.3550668625388338,0.6587641149219142,0.6587403709222572,-0.19300580790906252,-1.1785609979812497
0.003360531973322306,-0.2984932680268789,-0.2984958754727456,0.009384501809527171,1.3330724907818645
0.3656315659280188,0.3725979348119053,0.3725811539055582,0.3485979929661149,-1.0173192414634624
-9.39885135654776,2.4632065190385704,2.4639744453904955,-1.2575962910312046,1.8082615741267463
-6.427665260267866,2.0151191168130764,2.0155094905851425,-0.9309061112359829,2.311542456206672
-4.232991941270769,1.3802229177076457,1.3804224561849765,-0.18705971038864852,1.8966140185823386
-0.9910402305994038,0.8482769576101018,0.8482670492333511,0.8391507778759927,2.0823931190024343
-0.05347541926348423,-0.33094916178246797,-0.3309504135279708,-0.23779640223144113,0.081234522262801
0.09512428450619771,-0.2774785188069548,-0.2774819563683664,-0.2785588736144376,0.5252115734149699
0.14748775580532333,-0.27624713546641294,-0.2762505111183399,-0.23002368275395296,0.9956391272282749
0.05417853446246231,-0.2109770117311088,-0.21098185299488184,-0.10929224497916973,0.9196748595576685
0.09091836720202202,0.0872229424559401,0.08721149480334878,-0.13510641463305392,0.7534361153058126
0.1435933296111576,0.413580278257382,0.41356150239473033,-0.26990431066840165,-0.30280960608943003
0.05263217318659259,0.21989636967816853,0.2198815846636563,-0.09844856797672212,-0.5112971688202803
0.35665378997951613,0.021662370239046224,0.021653290316738988,0.14111375786041622,-0.16339232068973691
0.12137985824374528,0.33731690787615387,0.3372994862352358,-0.14369360008283935,-0.3919716212896586
0.1764099387444463,0.04864013515562288,0.04862937474364636,-0.2056547662453927,1.2324055641623626
0.34599977845254926,-0.12358864949383702,-0.12359419918958446,0.20279479161695702,0.2785905848678704
0.058381535865171835,-0.6602868411305831,-0.6602815037806165,-0.2399114095121872,-0.581935147671281
0.020754404824140114,-0.663009694888613,-0.6630039381595477,-0.2256144998261404,-0.3684592603246191
0.14144650549149881,-0.6256300590041689,-0.6256256789762712,-0.07667901208047295,0.050410651454685325
-0.03575324206605821,-0.6077671639205708,-0.6077621102802507,-0.137644530548385,0.39945411732007696
0.005004484906530399,-0.5547026830986221,-0.554699358355746,-0.1821627610135195,0.5364010564259886
0.0824867034378778,-0.4783007608206875,-0.47829968900721215,-0.18158650514977714,0.44205577406392715
0.30775168606252257,-0.12395218029456867,-0.12395816962566501,0.41209246794705334,0.6442793268266486
0.14767375287633092,0.4181799862800416,0.4181609280136656,-0.2724144888183433,-0.30138224274847786
0.2307345781783225,0.13265023136589355,0.132637763663562,-0.13270716581376443,0.5227172751305024
0.18793119630062133,0.0033615186105904805,0.0033519540292908864,-0.10314051337889127,1.1630327769887625
-0.03559682459708302,-0.08076411214832364,-0.08077142948706359,-0.22233606918843046,0.09886639290544695
0.1480455264664322,0.3251922287085146,0.32517525844122963,-0.16841969999400905,0.4777026892957274
-0.038097380647375605,0.3174177387631313,0.31740148042651706,-0.24513164609480953,0.32728376457469704
1.2871163578097236,1.1348554796286026,1.1348387780188955,-0.6061932034745684,-1.717772099543422
0.8891552746281037,0.972570458027389,0.9725477280135874,-0.5935964047849818,-1.3631457317326092
0.6782400637413211,0.6817721485717677,0.6817525450388976,-0.40860197781814994,-1.2341041849888137
0.33290190810450193,0.31862538826228515,0.3186094610470521,-0.15030780861023563,-0.6081467606945608
0.392588569765027,0.5664862231120523,0.5664649094103821,-0.3369363756332935,-0.7223117639323215
-0.05911732186885718,0.07290310686407499,0.07289269723431359,0.16337035364493013,0.40909034387006066
0.1187419310492039,-0.48533251587312487,-0.4853313757243452,-0.17982360321463614,0.7890192402196481
0.03400443547631319,-0.5052658079807468,-0.5052638620000647,-0.1662057314108749,0.6067759647984277
-0.050287120796317065,-0.5268353917191564,-0.5268321553660922,0.10330187997854803,1.1711470708753848
0.0720175733995634,-0.4788686713423528,-0.4788674972170425,0.004820550089499662,1.028203040414358
0.04902906786054457,-0.477575848699199,-0.4775744349246875,-0.17837573781449906,0.5251291798054903
0.14442247914407727,-0.4476703129336651,-0.4476700184730444,-0.205636461636869,0.6015956722888259
0.12389643868888889,-0.18904219552032087,-0.1890476188803738,-0.01127206507065356,0.8180755539128871
0.337801279094299,0.503010109100684,0.5029898624885444,-0.12926937612449066,-0.44703534389423955
0.017605764668558607,0.2499632955651408,0.24994819364968468,-0.17862808951910464,0.38387099101178
-0.7541726452307164,1.6584301108411041,1.658392517509172,-0.7526456338895524,0.9311471629165583
0.295126207139338,0.6064679836292772,0.6064452347968782,-0.14539789753792953,-0.5959101132918083
-1.3337306348644242,3.2237820957750163,3.223716159688288,-1.6276924931628804,-0.4846533814297568
-0.6318769987924195,2.423418928212399,2.423360216769113,-1.2127411782010784,-0.044375322774690404
-1.6692963301032016,1.6117104470963248,1.611702203684677,-0.4744364578095313,-0.12214521362345801
0.4767668136450615,1.9244866519238948,1.9244348449214386,-0.7593035535018906,-0.6700045157472567
0.26735597197556715,-0.2856296155562495,-0.2856321536111417,-0.1323883828050966,1.3069245000583354
0.21353095443424747,0.19634057688141315,0.19632667904045886,0.17203358537845184,0.6758285714072242
0.2557243512675053,0.5741700766518332,0.5741476948160745,-0.3545293418009435,-0.20167620490074326
0.06275619846448621,0.459288969920698,0.4592691676895314,-0.3316551447224408,-0.27117346774797
0.06559233707454531,0.22041009539213668,0.22039547796144918,-0.20382831064566528,-0.03466534560285016
0.17010045114130531,0.10886981791177551,0.10885788418814153,-0.22446083911045975,0.22057543302801522
0.17531580121610427,0.33146172442490196,0.3314447924981645,-0.24090266154872428,0.7210163823035061
0.14607842522874231,0.162534451455011,0.16252113359638642,-0.2505538653165002,0.48876740722854745
0.007664269180421675,-0.015419204422230904,-0.015428347290676608,-0.08154612888500833,0.3652166672563065
-0.007952539963485125,-0.30849058895116305,-0.3084927032326333,0.3041699838811253,1.2818385209066638
0.23593838261688516,-0.5284895061214014,-0.5284868595435096,-0.1690263168923708,0.3802878607507496
0.15973272112767956,-0.4905578121301059,-0.49055646508994843,-0.20546319882562544,0.6077637127486667
0.07105318194595892,-0.5109252991926299,-0.5109234948095319,-0.2213763207894734,0.16469781845829276
0.17203909220615363,-0.5043565779514224,-0.5043549210660634,-0.25300627750848226,0.25966170295789465
0.08475464902661825,-0.49119334170931056,-0.49119189083896214,-0.2755679507237302,0.6393070174109879
0.24822771990684708,-0.43896733720085024,-0.43896661124412995,-0.21974806613207454,0.8297033759227532
0.20093124931030212,0.33846956651262006,0.3384522981085697,0.29753613166671244,-0.4706899848064101
-0.12493588067981483,0.30392276611158114,0.30390752727586323,-0.23253732087852627,0.15301590085777128
0.24579640689928683,0.42956757293966874,0.42954843808936505,-0.31558641831415085,0.12047433902509808
0.24012558634762315,0.4441922764412876,0.4441728131997159,-0.29911644627581474,0.4848504445741589
0.16071571331420764,0.3387704937090868,0.3387532185478489,-0.25848845373162166,0.13082928858497903
0.10656161436546688,0.20351733227048135,0.20350309415934045,-0.212887516329187,0.4380302971675401
-0.09937500123240431,-0.11528717870797457,-0.11529300436924231,-0.19672871822501412,0.4124385321377325
0.15029733842621604,-0.2090454352887882,-0.2090503199252585,-0.12987893305724243,0.7178301981003926
0.15310949842703264,-0.43737125875792376,-0.43737101643871384,-0.10764792006677142,0.4611786282883972
0.11222548881412166,-0.4094520216124013,-0.4094524957670044,-0.16072852958978803,0.5648824755392778
0.11554724106450898,-0.18287641221271578,-0.1828818844630594,-0.013461028111338544,1.6759293668028588
0.14219049890464344,-0.012510151961387246,-0.012519628830286785,-0.16778864508802302,1.3371138682128756
0.2044990560718995,0.42349600850429076,0.4234768308689799,-0.2664395817752191,0.39846452793828174
1.896980273090289,1.4271913837595036,1.4271885374772186,-0.8518828990941576,-2.179196098705275
3.3385786512706828,1.970407067364725,1.9704617008250467,-1.199124434386743,-2.5549389137344005
1.489299723519332,1.429274229855048,1.429255395184863,-0.9198947823386766,-1.5236737612093254
1.195556990222537,1.4157136980642677,1.4156869284016258,-0.9161739468644021,-1.3655717970918182
1.1270498317736828,1.310450797726868,1.310424779622453,-0.8186079381808412,-1.5722088957918974
0.2788753266303456,0.8572947425975537,0.8572663615608901,-0.5638802135126304,-0.4329077157599621
0.4314374660849421,0.7758335713906884,0.7758079151252475,-0.48426257904790354,-0.7906497414687303
0.38455869516772995,0.7628890447360086,0.7628631417762782,-0.4481688034380396,-1.0331094357401573
0.43434105767685105,0.5420117067494173,0.5419914799701467,-0.3740888130691771,-0.0587389218771199
0.36181782326597905,0.3433702017317464,0.34335407712125693,-0.28300169707542333,-0.132696563036376
0.24590610839543195,-0.09064106219402111,-0.09064851598882144,0.1964251727109974,0.8743566588246098
0.21472874623300264,-0.6209928246436165,-0.6209883696234624,-0.17881659074522474,0.3328758827916925
0.17334511344525655,-0.6175868840619403,-0.6175825950803346,-0.22380243006274758,0.31027745657871747
0.09031140833500181,-0.5390542897590228,-0.5390517641921914,-0.1870127456726975,0.5432768465677774
0.04486416038956638,-0.4077553654189891,-0.4077555194326406,-0.16381689424510118,0.14908142385708195
0.14789695141318573,-0.38005403180590813,-0.3800551660794086,-0.20888568906767535,0.42991706714463274
0.2061125369371911,-0.4232421895138188,-0.4232420853373191,-0.16524967145760022,0.6303339814728774
0.14473565132129135,0.12432099646369041,0.12430853667134652,0.14733817617060924,0.32243750007050387
-0.037074399321391026,-0.07282921725982375,-0.07283653365382022,-0.11863125637087575,-0.16198640968822237
0.0876791956149037,-0.07094887009023498,-0.07095676606452525,-0.15656388790872575,0.4554840564013652
0.016890899495390056,-0.08110319261434237,-0.08111086057779815,-0.21477174781285246,-0.17747972039006496
0.3385142464951853,0.02055198470875037,0.020542929719660565,-0.16659414564114766,1.2064971678512333
0.17598595590012484,-0.01706355660292391,-0.01707266254816651,-0.17443261087896605,0.394619288883264
-0.00495505480563115,-0.4584449395538226,-0.45844368667647606,0.6238905858002136,0.2509608344672398
0.27701332479101626,-0.760591518097866,-0.760582988074237,-0.18018379391563522,-0.3050775187346624
0.18654505829651993,-0.7848173664959206,-0.7848092328679216,-0.18068675551722357,-0.2556551691668339
0.3148508726161258,-0.7808467396125414,-0.7808371278492635,-0.17848136214025528,-0.6141899470697988
-1.2440838114086472,0.5053109482903356,0.5053241453246673,1.8770628540276797,1.4986834378079077
0.19218192924078767,-0.11520379679728693,-0.11521069904671327,2.77948208111436,-1.8351098151696184
-5.819350665762108,2.7999712786311477,2.8001975092991804,-1.4791923170334798,1.6840893206385779
-1.3853004731824374,1.525546034581349,1.5255296952722786,-0.4993722071094496,2.0402921674843553
-2.278559605585535,1.3297205274539476,1.3297551563406507,0.03470077857137283,2.625723639783214
-1.2184060702215616,3.0371538552129596,3.037090676826602,-1.5578392822283305,-0.5607540566628815
0.36935938566769916,-0.27968119841109224,-0.27968279531921375,3.0639155192254206,0.06512322953631491
0.2719435235920406,0.2802797402525167,0.28026431583328204,0.17918107327795815,-0.1475718069534241
0.18670259904152164,-0.2856283616929309,-0.28563152669355985,0.41261778135558985,0.7654359934113297
0.1840223188269816,0.2029525564071126,0.20293833097776467,0.12177289809652399,0.19131829603303202
0.19102538064992955,-0.006537015796520217,-0.0065462685509401495,-0.21455059253586692,0.7445349785659116
0.406850605438633,0.3095859293517544,0.3095709215908214,0.17871548119168212,-0.3203512069535541
0.637791909590003,0.4138066901480569,0.41379256630346256,-0.022713899297259723,-0.38548618363571
0.04851152484270605,-0.13628374690977882,-0.13629026537787567,0.48491087383837944,0.0023033799935823175
-0.03702173357600024,-0.7414873878905085,-0.7414790629425626,-0.16847225191113221,0.10478353228603324
0.01140619398436232,-0.6236860334903278,-0.623681249316393,0.21854887377657123,0.9450927706262693
0.17797916048264623,-0.7991872222780317,-0.7991788107610852,-0.23344891992554886,-0.270834073239398
0.019623065829950857,-0.8038426824375368,-0.8038337633658398,-0.2574874419766035,-0.6954035507599158
0.11322147689394775,-0.8095149809676028,-0.8095064718848709,-0.2541066051565803,-0.9299673230436892
0.25926986176934286,-0.8107131369302014,-0.8107037053468603,-0.2130409603893325,-0.7834357183380791
0.10660464122285361,-0.8249115716843253,-0.8249026720981111,-0.16926453885913792,-1.0013120019901969
0.12084606555073962,-0.8232911324683515,-0.8232823140482126,-0.17610414517982068,-0.4951462888065733
0.09300737594555644,-0.8027045775717331,-0.8026961318539517,-0.20001033768411394,-1.0660334718220648
0.07877020621796275,-0.14155436136956112,-0.14156076148833446,0.5845551666873585,1.463470226145904
-0.017684962495484638,0.23533232274692886,0.23531772848282462,-0.23416238141517187,0.2128371886282906
0.12145425764917368,0.37321949277127403,0.37320144407295336,-0.3143352005601604,0.00786233957274881
-0.10579183093912325,0.2247205192348596,0.22470687973136005,-0.22407473339514042,1.1478941629314394
0.1040182545742586,0.4215931813566326,0.42157422556777535,-0.24413754273780414,0.2562063907316197
0.11433511403249035,-0.035298132598824486,-0.035307008214013176,0.9539728247945853,0.04007335356138835
0.19854341067534922,-0.7094143702554239,-0.7094079297684547,2.6520008276359612,-2.2607199795043775
0.16198083756062717,-0.7896463523825549,-0.7896381998814618,-0.1809388296640472,-0.8648018373829158
-0.003467734764197858,-0.8155895904996117,-0.8155800046378288,-0.21971627767673035,-0.9089635290041327
0.1542611205036282,-0.7644012474489678,-0.7643937065954007,-0.2577233553110375,-0.13713993686007953
0.15411030402744288,-0.7937724583174419,-0.7937643475059415,-0.3103754781259065,-0.5946871035681841
0.1174853211324833,-0.8117954448783269,-0.8117868845887836,-0.21623031249043673,-1.016739011115385
0.06291944791367766,-0.7884633323414452,-0.7884551168448909,-0.1915408543862248,-0.37833807898819827
0.22799311788869273,-0.7479772948659745,-0.7479696302269203,0.8777155636127295,0.7259299250317667
0.01061502810721702,-0.6644843277129654,-0.6644784483120157,0.6255875937729372,0.7586098487579801
0.20165059220023404,-0.7707506769519166,-0.7707427696255736,-0.19668809125780182,-0.16929624936399326
0.18324695062180785,-0.06581671796549363,-0.06582499785896036,0.4305416495708759,0.47586686193078453
0.07264111469303942,0.08574947393324069,0.08573805936673527,-0.148542187715686,0.35436322748793503
0.09458242435757445,0.17533048486810102,0.17531705879949797,-0.1998030171023911,0.27163048375133914
0.3147285329824035,0.18222959909376243,0.18221655546651908,-0.2642524355909946,-0.07183860042356477
0.03006339845616003,0.11708333914200396,0.1170712209873727,-0.15280386521725936,0.6495263069834541
-0.07573987851477963,-0.26437555756580183,-0.26437803551326644,0.22747238056912103,1.021602982910391
0.20848905561693581,-0.6634724600148462,-0.6634670511332122,0.12574683413662752,0.7118340716805655
0.024750005361966348,-0.8322332826291915,-0.832223770838914,-0.21240967285899676,-0.19200206613441315
-0.06971452332609787,-0.8065471760541156,-0.8065366737400798,-0.20911202866211473,-0.3407167184707309
0.14769716984756015,-0.8196300307013379,-0.8196212944896247,-0.18827668625305186,-0.8210198381293459
0.09201923156373763,-0.8212005392887313,-0.8211916782522858,-0.2177633995863719,-0.3900605447402251
0.1297474321221568,-0.8115893634857466,-0.8115807630438427,-0.24788290441918756,-0.7175583260884504
0.13177649466315466,-0.8308696167085361,-0.8308606281168756,-0.23331167024019742,-0.7289597409347401
-0.07842901158056086,-0.7662128112593641,-0.7662032594155306,0.10694344236582262,-0.31730831529468984
0.13854683510745425,0.20218716241276607,0.20217277505069367,0.3779430341425096,0.22835677485000314
-2.8222537997808624e-05,0.27553261372825455,0.2755171167843436,0.22270610888691467,-0.132070698275431
0.13737896784366654,0.49431617909609626,0.49429541122508464,-0.1889480471041165,-0.4093343296521635
0.008371727912575004,0.06997354478180548,0.0699624844568324,-0.20580022078077354,0.7157242520643347
0.17075760864974932,0.05241050215468683,0.05239965708078199,-0.22531169705355011,0.45612515833500855
0.014050621690109847,0.11543665835800496,0.11542457717886456,-0.20034182606148887,0.5598880198500786
0.11652373209869164,-0.3639140344837476,-0.36391553117377057,0.4538496194171102,0.20937797579109246
0.001192414335744769,-0.8420401058907123,-0.8420300604337521,-0.169358052755372,-0.7105937339434971
0.0388536129538008,-0.8542477191607112,-0.8542378026056238,-0.23586081612594853,-1.6205022651251937
0.006975849720462597,-0.8484207924149608,-0.8484105589026711,-0.2172017864201713,-1.3538810952922182
0.15524680034603713,-0.8445051116134363,-0.8444958168427505,-0.21827331479826498,-1.2267712592040343
0.15988768449275736,-0.857328685238703,-0.8573190577404991,-0.21170547941959286,-1.275496795865445
0.10487093391892159,-0.8398605779771363,-0.8398513874974053,-0.22395436788998938,-1.2455226239037622
0.24706444704717254,-0.8287365265185815,-0.8287268245674569,-0.22843209653537316,-1.236601995098999
-0.15451925774031738,-0.7709133209366735,-0.7709017380123953,-0.16633225519984368,-1.0759840782937244
0.10239917399845568,-0.2274373711311745,-0.22744193234449037,0.5760503426722683,1.2554943487457821
0.15869863783384355,-0.08791596939435084,-0.08792366349921739,-0.11536012602098634,1.4579503004504661
0.20117259978258137,0.22585347430489047,0.22583891376483894,-0.02049273218285443,0.2011363036210996
0.20890374450618832,0.223020459698154,0.22300596277219623,-0.1711138073919032,0.44979022011452585
0.2993839874825202,0.15965755163212317,0.15964501485025187,-0.2093551285443582,0.8547469070844121
0.31398811456190956,0.4216311555028534,0.4216125570999217,-0.20014442696694246,0.036444333738747225
0.05250432488413733,-0.26269126088224454,-0.26269494092535756,0.6187750868766955,0.471821893826489
0.3098281361697511,-0.008175904715610704,-0.008184672871229927,0.5700967618754068,0.39224613838314687
0.09877153355426617,-0.5159081520207908,-0.51590623574993,1.190248644609435,0.7116296157900037
0.10981703370433449,-0.8791223074836487,-0.879112235399095,-0.19425666147885398,-1.7184822275047118
0.026600015332117297,-0.8812282604889219,-0.8812175589783675,-0.14529404932047232,-1.3493433731484967
0.07504789001790105,-0.8865563287571963,-0.8865459554054912,-0.12908831911124208,-1.544039554115594
-0.018584475782606063,-0.8587001878050996,-0.8586893652349012,-0.15622803768592558,-0.7623393937554395
0.17763540211472303,-0.8588549503632825,-0.8588451542539864,-0.15989752554715114,-1.3549819628274304
-0.005899611974328522,-0.8693959105978503,-0.8693851165388767,-0.20247438388686292,-1.265366942556662
0.13815567859450217,-0.47140585599331,-0.4714049390018821,2.146304912018414,1.9738454841857602
0.33317307411807023,0.054718864524250094,0.05470904233294074,-0.03940356699345359,1.4582484013010855
0.006426367708024503,-0.120956342579744,-0.12096284697932787,-0.24229245791609336,1.162666416401327
0.09001661249196179,-0.11657650844616937,-0.11658355899127006,-0.17874542934785595,1.565237602027365
0.20729317697780578,-0.06412310686871232,-0.06413133523181484,-0.205207290442867,1.4687612590399846
0.23672820466609001,-0.020608855136297146,-0.020617702354115475,-0.24059265482449146,1.0643544673590577
0.1834243205226024,-0.07713713337590945,-0.0771450695147856,-0.2036365598027168,1.964418978465687
-0.06584766355661101,-0.0913183275094024,-0.09132496005961781,0.05630945724570076,1.6240395219355186
0.32933085461356754,-0.057033942788615684,-0.057041255619916915,0.40203095501186487,1.4557409688898535
0.01336286901500671,-0.4822546396725968,-0.4822530312782426,1.0094214650734747,0.697435281947302
0.10747558406117654,-0.06610904724206126,-0.06611723101174845,-0.04006876028023164,0.6574594568606779
0.01938944493288626,-0.4451058042004427,-0.445105119526462,-0.03521739583260021,0.7466086165245671
0.14179844607897155,-0.6954601253825996,-0.6954541773513546,-0.09529478619756689,-0.06622266282292869
0.01720497567899534,-0.8825054546214258,-0.8824945900925586,-0.21189951382238795,-1.347301937840916
0.15078362462165373,-0.9115490489170801,-0.9115382487043469,-0.1077187032626321,-1.474994387836827
0.015468688430582259,-0.9042899863573116,-0.9042786326663907,-0.13448888428810746,-1.9630757897442699
0.10483989764843467,-0.8908271215628845,-0.8908167866518921,-0.14568319925369963,-1.2711723193316184
0.04886805983429194,-0.8902436273114022,-0.8902329472638978,-0.1611529490909623,-1.6209988750811757
0.1636503411766035,-0.9122505406630103,-0.9122396799187619,-0.15261707268177202,-1.2014915831553687
0.17919039056080577,-0.8176488818770994,-0.8176400110319003,0.7902466586187397,-0.8517044038757922
0.0879858679220509,-0.19312146070409125,-0.1931267029063888,0.18565581008320045,0.8384762515793286
0.18430120415753604,-0.06015265910866426,-0.06016079750711127,0.1673191624458061,0.8106981860075279
0.11231142968838102,0.25286419791441345,0.2528488517411652,-0.2203880302944999,0.31746172604320405
-0.05453425309826133,0.01561570394670921,0.01560658068031805,-0.1210499585191606,0.6473135283541703
0.08449470038597254,-0.051077823340215524,-0.0510862550697525,-0.12361943617435418,-0.11299741884323455
0.18686775652122395,0.04240843446212509,0.04239781398023963,-0.24472626739318074,0.7351744590669138
0.12262010885048108,-0.052429040189350344,-0.05243753113756337,-0.1140701440450676,1.3327318842916793
0.07075255942910082,-0.6400006760604378,-0.6399959733466711,0.7504069223391269,0.8677520132637458
0.26340787729416953,-0.8641428502245285,-0.8641319502215729,-0.17309696620866835,-0.9706927478239756
0.24800385458513632,-0.6422639889121966,-0.6422585188995016,0.9741997704404396,0.23522984971196176
-0.00371995382962893,-0.09068870900012833,-0.09069580348642245,1.065164483503295,0.03484120246732822
0.051075051028970836,-0.7838258740767288,-0.7838176731526003,0.15337822629085845,-0.9462650196935164
0.21819928960057533,-0.8501826495009408,-0.8501727346655454,0.32889856741492957,-0.893072427761595
-0.13141624985419068,-0.8618402645823974,-0.8618267742731778,-0.1590994496553179,-0.9660495202769883
0.14431524988101344,-0.8783553909409867,-0.8783453360772058,-0.19996885042864349,-1.344645640013445
0.07260772415909961,-0.8671190291537507,-0.8671090474782096,-0.21673183473022106,-1.5721485066668013
0.2029884344643082,-0.8043714992921611,-0.8043627922452512,-0.18695029172994201,-0.5691747954105086
0.07016632731287181,-0.6215913652549221,-0.6215869863544571,1.7846140403069213,0.027756867106280603
0.38620042206534205,0.29424168742858386,0.29422684509652774,0.1225332159390499,-0.2853701817393953
0.19944023630658977,0.04819017734757267,0.04817960615850942,-0.19030690209113282,0.659815774586579
0.1378256995920827,0.09163725783077653,0.09162571105668006,-0.1889623910276047,0.4418101859326086
0.19732590769042957,0.0011574060198031777,0.0011478909308798532,-0.12655902238494635,-0.22505816393830352
0.10129674012777146,-0.04772490326458349,-0.04773358940177131,-0.1511227035742553,0.6735715851665133
0.09215436064390835,-0.2463433909341914,-0.24634734850186055,0.4076658144643379,0.93393156740661
-0.1353276918849686,-0.5111904912845161,-0.5111861732763193,0.1559617650781348,1.0451755654445876
0.12416602429412081,-0.6142920895072925,-0.6142880536281546,0.4090107970033106,0.7428430062826465
0.1560174600243051,-0.9011761511480391,-0.901165583854151,-0.1428123413528753,-1.6133482593814827
-1.5496249847262316,0.9271250776609813,0.9271370425332653,0.9338729061079225,2.419726751706848
-0.3640463046228595,-0.4263828484419431,-0.4263747924937319,7.803310702681942,-2.4067437862094723
-8.705424650067423,2.6286236912096745,2.6292424583129588,-1.4052550720232164,2.8733807981003223
-2.301354866615074,1.358838995302056,1.3588738659429496,-0.0707279324021327,3.929057237981956
0.4271319439460745,-0.36321975245189947,-0.3632182197034647,3.131135575182757,-1.3080825516619188
0.32454050807683105,0.34429877708084367,0.3442819151423678,0.12856778365502294,-0.9224201609597247
-0.060731597746861626,0.13195971092400122,0.13194797520423807,0.1862077992134587,-0.9454067503953124
0.16524824748639458,0.35796194654041896,0.3579444195628798,-0.061017258519659896,-0.6690742955660758
0.07423184793651487,0.04406747475597897,0.044056817021075306,-0.1838553632083213,0.33274195926413075
0.03275925066164343,0.15947681619091192,0.15946392522875705,-0.15445794794931517,1.1592410581769712
0.1436270561020825,-0.11055447161187651,-0.11056165737915875,0.11273516584667742,1.1493741203600023
0.0888150174549706,-0.6343155702121888,-0.6343109055953126,0.10005782650381834,0.19470242484527026
0.22336713894805993,-0.6530071793877232,-0.6530018263800418,-0.0007543753300628151,0.4986783130494161
-0.04196457893840472,-0.5894344283391562,-0.5894298759119837,0.6157382466895659,0.5630524263787902
-2.533296696830126,1.5312102725615095,1.5312514824820016,-0.3168952941442567,2.4125466069994115
-1.86679414733897,1.9708290819331034,1.9708167152956724,-0.8520613239810801,2.1847213148769993
-0.044646880023969694,-0.8799373634215788,-0.8799255266220397,-0.1560791118114654,-1.7355746364055389
0.16581352460624707,-0.8783424940611382,-0.8783323947071237,-0.1445890942900375,-1.641860228911392
-0.030253631348943058,-0.8323923441473239,-0.8323819779686719,-0.09485354875675676,-1.168524854403853
-0.045980357411794584,-0.4632399815691888,-0.4632381732230155,0.03019705466715138,0.7854537331407165
0.1917095378159249,-0.5073679098343985,-0.5073662748905645,-0.00667951963314393,0.9246577406115976
0.4055199285472031,0.23111862550307025,0.2311053796908431,0.4331546899747873,-0.8543557620684823
0.06755024822173034,0.13658539182968926,0.1365728357650648,-0.1653378937181488,1.060761903440208
0.1461774748368138,0.052830008996427896,0.05281915450268192,-0.17956736034791948,0.7653393489537724
0.03250434394033149,0.07079016804888384,0.07077908938699541,-0.20799004941747445,0.3039975434243513
0.29637631590371316,-0.08600938065673686,-0.08601631153632183,-0.07612804001902249,0.08015006391745541
0.19874229721053358,-0.5967293155651706,-0.5967254053714134,0.13572855236320963,-0.004120847332193303
0.1620945654114793,-0.7874183268270484,-0.7874102691351139,-0.16208520677926977,-0.27599827902748186
0.16449932242987314,-0.8297672917281457,-0.8297582831088791,-0.20851743091194352,-0.7512868367540686
0.09734662713990608,-0.83172381109434,-0.8317148033221212,-0.2398844498083993,-1.519201900216327
0.024249270451611814,-0.8481716766420524,-0.8481617174025112,-0.17605711242827315,-0.852244450862721
0.06020062240534996,-0.8619890712898168,-0.8619792048052175,-0.14873581948134532,-1.38079550693615
0.2332175413666468,-0.851195681500713,-0.851185609578649,-0.19352936792708497,-1.2233294199117608
0.03818178104941182,-0.8415928797134633,-0.8415832025373879,-0.16974607273207468,-0.6972677953906842
0.18533091488145134,-0.1691900462817462,-0.16919582585340145,2.0204160432495666,-0.06202806371111715
-0.13140851514986177,0.18450930173032887,0.18449692339060447,0.13583971358108024,0.5688762549568175
-0.1713698137740574,0.10877721114952951,0.10876707069843049,0.07983122363061394,1.5451580013418487
0.32733718841076126,0.427602769119405,0.4275842157458319,-0.16083931990554678,0.19200248471982134
0.2661269233544111,0.1541210285871297,0.1541084370061328,-0.21697015884261303,0.7735262313742075
0.011232522174961089,0.13284440105694706,0.1328319289946207,-0.13390679097798994,0.5537546718182704
0.2268883271899985,-0.38963659265672884,-0.3896371535194328,-0.14137744564378094,0.9428558754113125
0.05843599167144511,-0.7253737216980388,-0.7253670124105251,-0.14668912997522734,0.6405998235351252
0.19667009400992602,-0.7663537365402094,-0.7663459279452246,-0.18426553197616447,0.03310804775471886
0.11367291460471257,-0.7796700336688575,-0.7796621947412564,-0.19989058715404484,0.21026990205125917
0.03646734382781649,-0.7575000733049971,-0.7574923739554614,-0.21808915541342183,-0.49165565374605313
0.07440361684451953,-0.7642355583675798,-0.7642279764546609,-0.21599858968171556,-0.9148322089939399
0.13290839593649648,-0.8301110294007763,-0.8301020578428593,-0.15871193467279068,-1.0707239233939172
0.07665341049783556,-0.878518661857403,-0.8785084242081366,-0.18928816168197238,-1.1433007640720811
0.12079676450431422,-0.8719878699815836,-0.871977958097678,-0.18062436337340135,-1.8063924351739598
0.1305402781047973,-0.08701533728492553,-0.08702314117274347,0.9529795800180596,1.0786711421503308
-0.0631062135252098,0.013997503772375809,0.013988595961265074,-0.04190977941541482,0.7210167528122194
0.05032119945818685,0.023422615215045156,0.023412600170667732,-0.20537451675511434,-0.08569864920835335
0.19810877978978983,0.057888989240361725,0.05787820026875434,-0.22801413930611047,0.0644766257469691
0.07449067843024831,-0.06476374146285704,-0.0647718658811377,-0.11718720487694613,1.0799557739421712
0.17099637917754748,-0.010801673628113838,-0.010811099300486408,-0.22504979428617408,1.2753205422818383
0.22019025788927218,-0.2001162267886296,-0.2001213119265392,0.3850177262210395,1.1453698570454003
0.017324637915065357,-0.8208147076332615,-0.8208053626823957,-0.058767672729301584,-0.7703021036211682
0.12143520972159909,-0.7320223319449748,-0.7320155629255045,-0.06452183593329819,0.138946359142153
0.023980022726782867,-0.7647806306645132,-0.7647725887139635,-0.08508511941026344,0.0773218217222128
0.189559131009944,-0.8637853648362259,-0.8637754132368197,-0.1933800882947695,-1.30541542353319
0.02658444334117394,-0.8655483862238589,-0.8655379920181394,-0.17215202995113477,-1.3152041194236983
0.10382788621560889,-0.870145183492386,-0.8701352234255383,-0.20502601370973195,-1.146872070879046
-0.03818265730133617,-0.8568237365679652,-0.8568126426738609,-0.19656805585781764,-1.1860695683545908
0.17364046836175273,-0.8703638035181525,-0.8703537937624611,-0.20688769750942995,-1.4578739678140125
0.5488616028821915,-0.5038991865251262,-0.503891002055508,1.8472651406429126,2.106385013792284
0.34921005004527683,0.2976953643780329,0.29768008625656567,0.11624422612064748,0.6233136026941851
0.06383588214879715,0.12265873194987438,0.12264630948294714,-0.1595340950685944,1.1758400452542004
0.07278386307246783,0.07782111704633067,0.07780970138827387,-0.17774250218493615,0.669810580030413
0.06888383332095503,0.11493582952388538,0.11492358047132652,-0.1856934544826719,0.6361853745213444
0.29479544081787706,0.051035193217501544,0.051024916383479696,-0.1751602803507284,0.7129938709617286
-0.06107356605390235,-0.3917054671324373,-0.3917051755025864,0.5882957987142109,1.7060600036563909
0.07011445145107961,-0.7632030467055363,-0.7631953984175568,-0.1737545990470527,-0.5520401731185024
0.12230256698847311,-0.8156250569191953,-0.8156164106374023,-0.10323324334944652,-0.5349160946061972
0.2852273961402098,-0.89242924541824,-0.8924173520181357,-0.13899870039949996,-1.7341188273528991
0.025968744463426632,-0.8859815667681115,-0.8859707585241606,-0.0699081973328749,-1.7687999158597003
-0.01979648548613562,-0.8557402643181866,-0.8557294634319376,-0.1762461911382785,-1.231150556042932
0.23969555114845545,-0.8418565492570341,-0.8418465527015845,-0.136631816632365,-1.1093719607688688
0.24964680221194624,-0.7763285327055914,-0.77631996277303,-0.24145728876461436,-0.3981740400613272
0.28363530881056537,-0.7905224445956017,-0.7905131081467351,-0.20679930491392023,-0.15907923438172297
0.21184161909792118,-0.8107723819720057,-0.8107633968566161,-0.001597809147969628,-0.5612531938714456
0.11324265372451671,-0.9335358556747576,-0.9335245617579742,-0.14678237206765476,-2.322292106290201
0.132184683041201,-0.9235110393191296,-0.9234999705051767,-0.1561562979116622,-2.745388985157575
0.29310431029155404,-0.8320126922467815,-0.8320021106939092,-0.0803895995217243,0.7625808112211651
0.15240752271804084,-0.8074860509947586,-0.8074775426909273,-0.1856954006343379,-0.04040057513219362
0.013408364258638988,-0.8407966317253124,-0.8407867485294981,-0.268356265285319,-1.3266613023241969
0.1608884900931676,-0.8885305365523496,-0.8885201636505063,-0.18530672053170794,-1.6896027695594684
0.16785950777467332,-0.9135190473139496,-0.9135080685262892,-0.15005082460784772,-1.5588819754322831
0.2111052475485914,0.09960502185055717,0.09959347528314232,1.7386965102839715,-1.7941483678230274
-0.049044397956500015,0.27113621068654115,0.2711213498198491,-0.1245634523292632,-0.15102597981331323
0.2821086689790887,0.14142978232280934,0.14141765483745988,-0.09524530148176684,0.2906843954382252
0.013299011542264675,0.3921931316318303,0.3921750151274341,-0.09719258033013518,-0.20025005988495717
0.2135050729236084,0.13010614269243137,0.1300939112357982,-0.048349772239412586,0.5412181306768817
0.02909262125528135,-0.1481957171215823,-0.1482017889923318,-0.03549231746324914,1.1017265682476307
0.3475375279455488,0.5255101489831687,0.5254895762618645,-0.17952855663230832,-0.9166723693569839
0.30283448627150045,-0.15859203526618165,-0.15859733633426445,0.6392724876313964,0.5252267049434912
0.37278175639398725,0.33005453153475767,0.3300385268024615,0.8681112218188607,-1.3789657467018617
0.2306954738110787,0.37245159105029024,0.37243355959486407,0.7075962125885024,-1.2121258292794024
0.10966319361528322,-0.49831474798902864,-0.4983132267702971,-0.21890530815683565,0.3794960287484224
0.11312041026168707,-0.4515056121403,-0.4515050524404178,-0.24030531863406907,0.8458974612053716
0.4187054246835496,0.29132555959615664,0.29131132010239236,0.7065707509387446,-0.9665735957695503
0.2996360937074372,0.5071265423756847,0.5071058450922329,-0.3535021711766407,-0.26001767414671473
-0.2010011377948164,0.23228937559599067,0.23227681997232286,0.8076568056341888,-0.9468040393434408
-7.205997272835156,3.262549758353163,3.2628773724742937,-1.6564592786043848,0.5125928626844679
0.22187208420229773,1.9433454727291326,1.9432921675443169,-0.7782811423536867,-0.04983795237013854
-1.1982925563332463,2.0753049143530777,2.0752665580081002,-0.8984555489763737,-0.16697046224306863
-1.1074826138912228,3.176585605722502,3.1765160723101094,-1.6091781038258424,-0.12551335295050345
0.1505711818374367,0.05925892447761011,0.05924774650609289,0.8324690669319432,-0.5322635466583333
-0.12491907770144511,3.1959054899823265,3.195824417353288,-1.6268245341611842,-1.011671955009662
0.769088700221446,1.7829573672056467,1.7829123205670498,-0.616121533021938,-0.90507156185468
0.03206657403683489,-0.10124587989617238,-0.10125300600481311,1.0043843170120696,-0.11219829551049339
-0.17863832264815546,0.3090530374413446,0.30903839988488263,0.21488515216393117,0.21961385558059754
0.28011994724244493,0.22139724407054617,0.2213831418317977,-0.015608776494062383,0.1860752000298099
0.3982638731625683,-0.073792452973514,-0.07379858346296818,-0.06133503179429669,0.7347297438517576
0.5352694910824637,0.4238703762665618,0.42385441437255167,-0.013033168026306613,-0.6021401423230481
0.12860981669494137,0.06451923934584665,0.06450812237558783,-0.11943634885954196,0.004758776371595737
0.4041011950218747,0.578887468703111,0.5788662347755579,-0.24271832175209337,-0.6619601110224747
0.49322790577356074,0.2596323729849456,0.2596197407442563,-0.05929751123323978,-0.22057796065304
0.26032041721367777,-0.5011448966224654,-0.5011426849364125,0.05434578799837492,1.0167356290063088
0.03217234663144423,-0.6417431878266449,-0.6417380877469268,-0.20466930199718106,0.06254808709244966
0.023253729887006344,-0.5878446192128227,-0.5878407294016951,-0.25737076363405054,0.5152570816564017
0.2106672570931809,-0.616392131442635,-0.6163876901693635,-0.27891697216474165,0.4130470855609106
0.08034099746513129,-0.6257185459297966,-0.6257140743553095,0.04691030150416946,0.04577450036184778
-1.2230196469638739,1.7088751816288084,1.708847919210839,-0.5585466735401527,0.7172918524787107
0.6249607121514178,1.6381436770859619,1.638100449220445,-0.41706658006074215,-0.9553360176514665
-0.8531370587140407,1.8669113978132421,1.8668701978418007,-0.7336423591347924,-0.25145440075011155
-1.7011912143199948,2.77618799920373,2.7761442937580814,-1.4527538765586516,0.06897255680261238
-0.09223455608356115,-0.35901151846964335,-0.3590116027293742,5.46252377961005,-1.7353326422840334
-0.7602821178935322,1.6644633428835989,1.6644252558394836,-0.7241256714622352,1.1682006553063722
0.245321102137515,0.08344505227696448,0.08343386857454027,0.12473957581768488,0.9831169310311727
0.19090504137077505,0.055364783256666106,0.055353692726372784,-0.23729105655051844,1.3032266761409013
0.06840415855381968,0.46928494741999793,0.4692650998528737,0.02913335373984637,-0.8247040776730352
0.3589540130843984,0.4140683893349842,0.41405049810855904,-0.01220164147409341,-0.6696024657671702
0.23281853730885174,0.3110434558979743,0.3110268033351436,-0.20885657498576107,-0.03784830640000618
0.0498095908255662,0.33962867358901055,0.339611558277031,-0.2053726235332311,0.10182548479338538
-0.2041996534576223,0.5510447172200239,0.5510246458471045,0.8550859891648921,1.850153916853449
-3.0256299538681484,2.7024121145232955,2.7024281003387505,-1.4401400102472872,0.8673313936555332
0.02877776544630604,-0.061278359683780294,-0.061286383245462754,2.129337696315384,-1.8818294413425665
-0.7618957782778234,3.0376005888010473,3.037529519133884,-1.5497216330438819,-0.3360347813186339
1.1533543917582672,1.4700865852591873,1.4700568034842496,-0.5065242899433748,-0.47301749161934
-6.169322032390689,2.022751203710132,2.023105224006615,-0.9260323272755698,1.1657385312433395
-6.157465161500062,3.1841016207009205,3.1843271071411134,-1.6250218417346223,0.5582391185014307
0.048844527457991505,-0.13576312494755832,-0.13576965510599173,2.3499598396215484,-1.2624533433374094
0.6027530424533915,0.5646430440336938,0.5646246376287425,0.5534841592384392,-0.9333176531294679
0.3431374249394231,0.1246914235126744,0.12468003011840906,0.060579357426243284,0.32453979532231747
-0.3575766860720071,1.373424829040798,1.3733871870816616,-0.30153301556508594,2.100300877738787
0.561100079874988,1.3513982121227548,1.351361243880897,-0.46330835528819986,1.4509526722852613
-0.11234950612387404,0.010627298295280066,0.010618645279956242,0.0962376564731531,0.655942988730895
-2.113444800114023,2.407358372087639,2.4073415769567688,-1.2435392485401981,0.7635880576842629
0.6213444814219363,1.9418737954397456,1.9418226727325034,-0.8169544396348771,-1.162137996999304
0.05856787145772167,2.050273503553648,2.050217797347053,-0.8476020536614496,-1.326366082612638
0.6289777113540055,3.235229509627274,3.2351493451878066,-1.625963476837459,-1.1028663771307134
0.22029771283336422,0.026798910885402722,0.02678882002779488,1.4657676763486136,-1.6444437852081113
-6.976316027929857,3.3068641540061834,3.3071617557390276,-1.6723504498577837,0.41311853388239944
-1.5618022406110241,1.9274966403818867,1.9274741413581586,-0.7852170331180215,0.4613097763718011
-1.3237194244550416,1.5337416434784543,1.533722612470273,-0.4575547923384476,0.08808922476158898
0.9560551738272836,0.667630003324483,0.6676168074037573,0.19430226558943697,-0.8911376724260263
0.0824719136368616,-0.5305780841635452,-0.5305756593665182,-0.12679481310873963,0.8004130747236893
0.09254506835936122,0.2321322844345018,0.2321174037872285,0.20189307505252505,0.5872226686786347
0.25629120046088355,0.35640751427200346,0.3563900221985555,-0.26902507189104524,-0.21231837082143776
0.2406856035607851,0.08581915290908922,0.08580791589728223,-0.10435612650664976,1.2310731958679597
0.2691118626987449,-0.47856944581753275,-0.4785675619339634,0.49424491003052917,1.3813693253519865
0.03208652629137035,-0.7080383448249137,-0.7080316665570251,-0.22936821861635207,-0.4880684412124389
0.19297052030256617,-0.6675203786156513,-0.6675147892801356,-0.27613493550545526,-0.1783748744063713
0.18934321581536176,-0.6642471684224167,-0.664241742145047,-0.24551714611238598,-0.22227597069226512
0.11390451719530938,-0.600172692923074,-0.6001688845291056,-0.19247482338422656,-0.07957614089256687
0.1357158506161037,-0.41640057387748225,-0.41640089200540836,-0.37292503481974704,1.6137879650374405
0.10105538965549221,-0.7433390753271004,-0.7433320521951479,-0.09188446339819949,1.0099603705010909
0.12457017858371751,-0.8736369689305543,-0.8736270200168589,-0.24740930267459926,-1.9528562929213915
0.22292074187435032,-0.9176671406377451,-0.9176556656880329,-0.12237842939616608,-1.6643941797049107
0.3063994874075886,-0.9237978157724291,-0.9237846806469829,-0.16071775757561974,-1.1687285296223138
0.299702320830975,-0.5308632485068637,-0.5308599217100515,5.597646884366515,-1.3292249776100524
0.20829028705137984,0.2037842260340143,0.20376998192989165,0.06026431619003147,-0.20990307924430113
0.18835888236545037,0.16999762505071625,0.16998431872912875,-0.26689725916504575,1.0213154762663756
0.10404469772291093,-0.09407754330367202,-0.09408500949345898,-0.19569347579875057,0.40695989521551207
0.06004857494173831,0.13157692436516233,0.1315644807634662,-0.12649507894972756,0.20938482254004528
0.1610909593146741,0.2711713188594623,0.2711555616078862,-0.14894232282305386,0.28816468962679487
0.046689745517532785,0.08546663819322824,0.08545522997767464,0.007392752046184591,0.8667366459188255
0.2243868786738218,-0.5058942621883679,-0.5058921229767146,1.4423301649250202,-0.7030884237305105
0.5392263360328169,0.43000893282781993,0.4299928330952291,0.5856800753620847,-1.7298266722009625
0.3672265563363437,0.32520996191830637,0.3251942450879937,0.07014133383410562,-0.013629160215380815
0.0489864910829356,-0.3650872923033053,-0.3650886730886867,0.4071464678481527,1.422749557165862
0.2371229515590356,0.26463242165290474,0.2646171694680001,0.9269691352439875,-0.8478855359544756
-2.1947810633228375,3.129825460104865,3.1297877851920863,-1.6089383308433374,-0.049953013240801335
-0.05534100122457854,1.9717995721417083,1.971745986271256,-0.9391069796001175,-0.23093827096044597
-3.962876206174585,2.23217897836449,2.2322814696447133,-1.1378998179930913,0.4595436882825216
-7.424415803447613,3.1987707467886843,3.1991298850833227,-1.6407601838093195,0.6577138359537176
-0.2174073278841003,0.22920182673557613,0.22918951956076555,0.29171821135152093,-0.33805185464234516
-0.9071969383980798,2.389334266005934,2.389280618782126,-1.2536758703067203,-0.16395033440384973
0.7208725640477874,0.6711184302001906,0.6710994241304867,-0.26078682705034734,-0.8907872061227883
0.016742442411771946,-0.027985064354690135,-0.02799374594298318,-0.17908831347126744,1.6965206469792016
0.1610577918972053,0.33617983296950477,0.33616261598041136,0.06628908528393782,-0.5912286472802882
-0.0449029048921939,0.4437059565969977,0.4436868625141418,-0.2849710820089858,-0.22107688048025792
-0.11963637722708183,0.08732790872804098,0.08731753343433288,-0.26108333731941696,0.7822471149183786
0.1598008460234996,0.015240261444450762,0.015230251011909958,-0.2263375113838986,1.3784541171326168
0.10558938049613369,-0.20381521314019832,-0.20382039433830967,0.1910388372601887,1.9187345756758047
-1.574751571809625,1.6378914714355897,1.6378786995157855,-0.561490036400237,0.7295210754970952
0.15479155298564348,0.42317913933134454,0.4231599688111913,0.37329409389856494,-1.2076608442873362
0.1102930103800765,3.3265473003817423,3.3264625777712244,-1.6650343871655617,-1.5283920983342074
1.1538653336060318,2.0140762607786544,2.0140324727623473,-0.8615750114681144,-1.7897488959329855
0.1928666506093534,2.0882064514082623,2.0881498934340503,-0.91877924698239,-1.6614378636287983
0.836351576579743,3.239024774769379,3.238945958063379,-1.633075442156626,-1.400395919440708
0.7056660532713125,0.5248189120479515,0.5248033701887225,0.4505209772781619,-1.4165152933592549
0.09498422378265019,0.35195612036760243,0.35193837000962336,-0.0653197185369703,-0.49969566418748274
-0.10460154816366882,-0.041687551385470444,-0.04169494013425963,0.08523536211421878,0.7515696371093554
0.1475156556224302,-0.6262175835306039,-0.6262132798697566,-0.008391479405978928,0.9773616122667579
0.45450573960918855,0.622986020741999,0.6229639757202152,-0.0007594942195585151,-1.3380329985400232
0.27789849707462067,0.3329280280143522,0.33291142140103236,-0.2029282254983124,0.036383887881637406
-0.0062527822669490515,0.11321176746079495,0.11319973624059854,-0.2158575990107157,0.38289252047301947
0.018341689984946338,-0.4519446434251452,-0.4519439843073545,1.204296347015273,0.457378227195949
0.08924135712730209,-0.7856367661746331,-0.7856286589272029,-0.5900235713789148,-1.1696692919610658
0.00033402628689207077,-0.7865064995094212,-0.7864977458149306,-0.5561753990576099,-1.2680693535750451
-0.02549095125461382,-0.7623745565177639,-0.7623659864567935,-0.6227261014977897,-0.9992787718917672
-0.0706613373050769,-0.7814807914242633,-0.7814710310841498,-0.5848027994461404,-0.9026247199574853
0.022005744575941635,-0.785192361189851,-0.7851837713432388,-0.5483174052792087,-0.7149831846947001
0.0035370042791184886,-0.7867167903002854,-0.7867080766636352,-0.5594968659791025,-0.9510807140079321
0.044905957541805326,-0.7520190337118522,-0.7520115469962981,-0.63194033277477,-0.7095143843681505
0.07810251863790917,-0.7584433367672553,-0.7584359296959454,-0.5945641113751237,-1.2772319203935534
0.04002540527228856,-0.8117820106284847,-0.8117730924019833,-0.5024247836171385,-1.6535090311777023
0.0363428602243266,-0.8155057159997632,-0.8154967589389269,-0.4955962269391411,-1.6207334220219172
0.08762496292510145,-0.8293470236122469,-0.8293380244299156,-0.4729912916781625,-1.6586985783998027
0.19332290584070239,-0.8199485567650979,-0.8199395895018862,-0.4855455680893434,-1.7559417837199975
0.17717018119161876,-0.8049534709953279,-0.8049449299998092,-0.5267666619587565,-1.770354507154432
-0.012422665637713139,-0.7863094190642351,-0.7863005354556173,-0.5638201668862584,-1.719437361786491
0.02107183544848221,-0.7671448347325875,-0.767136739694878,0.14316584605627772,-0.18591988051977976
-6.705156087232813,1.6579600912199561,1.6584505521653188,-0.4947459379593981,1.7683247166507892
-1.7218798455339022,0.6212958129885111,0.6213309449791983,1.8924740886945581,2.3632746407150456
-0.06204713349294743,-0.21799354130039159,-0.2179973294145418,4.404339627904975,-2.4077805587608614
-2.1582002203030624,3.1630983353741953,3.1630577639019655,-1.6278242211236602,-0.3542053739220353
0.2656336974673574,1.8836171561770934,1.883565192165287,-0.7075607411052904,-0.8683042881729589
-1.9660128828245789,1.6493976377404913,1.6494014446698515,-0.45457366256394177,1.67924450228025
0.5505378384606557,1.8251842595565104,1.8251353988227215,-0.7334735927856026,0.7677583218240751
0.025886729926145897,-0.45596658914292193,-0.45596557103515006,0.3854895284779439,0.7370046322534389
0.17831037303704922,-0.8346064876446601,-0.8345972808037286,-0.23549271388886708,-0.6970044431596146
0.2211162168896031,-0.8656435007127421,-0.8656331939309233,-0.2262099433992041,-1.2635603641155164
0.1242900605426749,-0.8167950009571251,-0.816786373184582,0.8899192409470732,-0.13093445876157622
0.2598257243999409,-0.6539600259482021,-0.6539542037464986,0.9764162610313565,2.101552382180612
0.16336125916686745,-0.8066945497748852,-0.8066860592438648,-0.2583169177762516,-0.958841205703839
0.18237141081481462,-0.8008467103802137,-0.8008382616001936,-0.0425994129164319,-0.7001051622784314
-0.03988823141346176,-0.8709421479738619,-0.8709306922772282,-0.17777475097490716,-1.6315634361633455
0.22239490507872675,-0.9000884247191439,-0.9000773444917458,-0.24141055490457952,-1.496107105345938
0.022133480037882812,-0.8677035981452204,-0.8676931555451676,-0.266765992936198,-1.0809331861424143
0.1339451688096312,-0.8471028029437692,-0.8470935394027246,-0.35199462480523924,-0.7096549703205848
0.26669545489727203,-0.8589295104499071,-0.8589188170698516,-0.2823124259484852,-0.6142290871682907
0.13291321409821993,-0.8661728101565273,-0.8661629840673983,-0.31643093557994,-0.9606772595057648
0.09414443133760682,-0.8656208416113415,-0.8656110279164229,-0.2750393728788341,-1.2849670914659486
0.12321698435968821,-0.8579420035248351,-0.8579324518144941,-0.28822915475275085,-0.799260883190181
0.1702864482123129,-0.8571430239058829,-0.8571333110169678,-0.29531938409699454,-0.8194571144597984
0.23836218660114464,-0.8256622327846781,-0.8256527342049453,-0.29158879264797954,-0.6083302652195958
0.05497788127687858,-0.8390997068469034,-0.8390902647732343,-0.31170531283409636,-0.9977396900620844
0.20260299178466012,-0.853989960687071,-0.8539800946996636,-0.2815378485606396,-1.4353953059326863
0.2540257117178815,-0.8546100856597898,-0.8545996683898224,-0.27958165027425014,-1.1359564157580162
0.1290340274642785,-0.8570170554231953,-0.8570074797023287,-0.26104698572912965,-0.8938454711923897
0.11007776838174306,-0.8378582478189798,-0.8378490575208623,-0.19773202944295323,-1.108212536203054
0.08794497092936748,-0.8569106561644446,-0.8569010380528992,-0.2457009246303411,-0.9959837203769184
0.11438519855112149,-0.8505786464054579,-0.8505692600360539,-0.29729208847760064,-1.0650577408248638
0.1542789364820675,-0.8546725549215564,-0.8546630318454147,-0.29998027474339956,-0.9942881133452173
0.15925864991789124,-0.8676612802582172,-0.867651331186494,-0.3019578996501571,-1.4004297828978178
0.16575649142004986,-0.8772070760453029,-0.8771970021865992,-0.24876947489004236,-1.0577636063664766
0.10490365253889118,-0.8715187459770919,-0.8715088446271587,-0.25454843049311027,-0.8704940834985458
0.21356939201663533,-0.8975355142216186,-0.8975245360985273,-0.2605331367372038,-1.560900915282767
0.8010084914171656,0.3031586259805532,0.30315128555286514,3.0097243383433554,-2.386389789677799
0.11606971700800289,-0.4171345317271979,-0.41713483337442414,6.454169429190071,-1.5196770064851035
1.2788296787188325,1.9792034559147764,1.9791629586222519,-0.8693386762161464,-1.1074300564491952
0.7457217275981951,-0.1371923500074439,-0.13718863827264044,5.687312174012578,-3.5221224521124483
-3.051876575377866,1.7749233275533107,1.7749862911396066,-0.5848376587484748,1.4991721172669175
-1.0914703397783718,2.3635358491021767,2.36348743827248,-1.2315759171496883,1.4769262335430533
0.15471300829417076,-0.23583753887254477,-0.23584191146379826,3.6846011771901375,-1.6728994204457222
-1.526308441554547,3.1355384196311205,3.135480196835118,-1.6033379599995445,-0.46067554362576735
0.4527192691066945,1.061551226679297,1.0615186173919733,0.6415349951791921,0.29514384028876595
-0.9496417951878559,1.8620557225502545,1.8620171392811873,-0.6111550992864867,-0.47973059425036263
-3.993421435777125,2.80178006602991,2.8018511387607434,-1.4750651733646014,1.154248362116824
0.07807988385660711,0.020867779141709168,0.02085764234574006,0.4086215486664802,0.9130954454723499
0.08000967719932853,-0.6224081676453317,-0.6224037704039292,-0.05473496729152838,-0.16643350973080348
0.26886626019073046,-0.40010473925715145,-0.40010470682362154,0.5581965713978909,0.8251623278079188
-0.43315648277896945,1.7881791705576686,1.7881325737113076,-0.5685535340312216,0.14174685947624796
0.5897643196571474,2.7295786754309885,2.729509865158024,-1.358077677669141,-0.8504502152183181
-0.3989297390804369,-0.47790964502694644,-0.47789881999345807,5.150186774506473,-3.210830387035389
-9.164988037026001,2.930403872979687,2.931036641581921,-1.5370012691769666,1.6344288832474048
-3.0369750622527265,1.4285697377933197,1.428652300471141,-0.16892235385698534,2.69040553590667
0.07441482395921362,-0.7825343500777264,-0.7825262677138544,0.13710248675722586,0.044005926744234126
0.13439985645542943,0.16817594077210538,0.16816249623632593,0.5802631179833465,-0.12501194663038132
0.08570043974729911,0.011677319262951352,0.011667209715396974,-0.15408098764848324,0.01708941615068879
-0.18873332226835854,-0.1641556954958565,-0.16415908044131133,0.08805497589100338,1.0156243892848957
-0.02211485539732803,1.0139950569776728,1.0139627990659326,-0.03257820954205822,0.5736953527050177
-2.931590064551033,2.272262122687191,2.2722909914785916,-1.1534047280505393,-0.05993375821950476
-7.106982552999008,3.2902762587942815,3.2905899955001985,-1.6810799077759773,0.5448330374372362
0.34964916377671384,0.41072308200092944,0.41070526589190526,0.20445609932975367,-1.523348531834715
0.8498317916224155,3.2508845305301293,3.2508061639957795,-1.6421529465361009,-1.3222482183193054
0.8823090149577016,1.3465801527593255,1.3465477706875935,-0.41695710399032304,-1.4637170127321029
0.27175988078448593,-0.00023438226385528164,-0.00024359742182279703,0.17031690665477034,0.1860434534642433
0.18296380812640395,-0.0007439881412051294,-0.0007535500948155814,-0.1529649483198251,0.6109608721073291
0.037497054551731794,0.19252739940618518,0.19251358718844958,-0.0787292917000886,1.077903251256057
0.0504173344470707,-0.2692981353930039,-0.26930148796235415,0.01150256156553661,1.8889200542443105
0.6383132327650632,1.112969653648906,1.1129383974538063,-0.20268236234244075,-0.44071656579928475
-2.7766218781058023,2.246767140706538,2.246788700726916,-1.1304527592417521,0.11056400981963578
-8.25585425490432,3.232337384321232,3.232795359227683,-1.6528492381930973,0.7086051785048032
-0.08130143867412597,0.2207430856648936,0.2207295354729109,0.6693538099564952,-0.5119644332829717
-3.692673481300272,3.287459365287356,3.287486574350823,-1.658707876974273,-0.3047479875913994
-0.45941225462855595,1.868200727551437,1.8681530503335375,-0.7211492951058912,-0.1765863051325524
0.46575661590627954,0.50397200138939,0.503953166132856,0.14737074076593187,-1.374116719487583
0.14039729515738295,-0.05372499749080066,-0.05373345933886397,-0.14433004056947812,0.7451301924490368
0.32035677162734394,0.09226615984672568,0.09225513630883905,-0.04020866997067332,0.43370831003725646
0.1740457453263079,0.2774180659127834,0.277402347512566,-0.2520416229468208,0.5997029151044334
0.2680743044299866,0.18152295755205938,0.18150975067283115,-0.20661964601405872,1.1665638307343715
0.199075633218247,0.1420119331493074,0.1419990761147815,0.25711340859529896,1.4660793043644802
-4.395888015005024,2.547825813698355,2.547942711585174,-1.3307989599859609,0.4839447609161873
0.448177540997167,0.3028367413543326,0.30282224338205804,0.4785358147346142,-1.0929839911555204
-2.6184956344511776,3.3411179086373295,3.3410901770291392,-1.675043460175974,-0.4177519376585443
-0.8417044681563629,2.032613734327665,2.032567738867473,-0.9024816467706507,0.139862752153384
-0.04077071604118531,2.1448559961431175,2.1447985243669776,-0.9817862564134688,-1.015700164376481
1.2153584077653579,1.8129888266730352,1.812952061656714,-0.8576930137128927,-1.4109254186048827
0.367465347380599,0.16607303286346312,0.1660610685020262,0.09776847560780969,-0.8430475728535706
0.2349355587100071,-0.026224998502022437,-0.02623371961181806,-0.1902487339747112,1.2068449531639978
0.2751442652904425,0.07009964760699153,0.07008894268905329,-0.23425923485467406,0.40691127048663306
0.14167732204533276,-0.40325175706353444,-0.40325237044234374,1.2175783528218187,1.5546113219797537
0.060698002874967676,-0.956006653673419,-0.9559946312856392,-0.09036909818307647,-2.3173972801096006
0.3003331403376093,-0.9389695619276249,-0.9389561309071365,-0.1440194192717423,-1.6091552884720142
0.0719729757509295,-0.9427628567130864,-0.9427511764887544,-0.1557934096634864,-2.3477397602649397
0.07751561460770995,-0.9598688213797384,-0.9598568018283404,-0.10509569676977586,-2.6774980945039477
0.054109511971643875,-0.9553073114074636,-0.9552952151634514,-0.07482443032962773,-2.3956697343826074
0.1786516694301197,-0.9723387159874911,-0.9723262820906268,-0.05447645414882144,-3.4431202982393625
0.1544057743490103,-0.9731631759003108,-0.9731509921695263,-0.025734771574962546,-2.813035099772512
0.14685367931112345,-0.9562259901925103,-0.9562141867787621,-0.15892057034258453,-2.341746390198795
0.15350726636828704,-0.928913802016527,-0.9289025223262657,-0.19507268897890198,-1.9053836234500956
0.16389113001086944,-0.9067801589080735,-0.9067693762190079,-0.2217140822725327,-1.5489663917828407
0.08953928942372219,-0.89856990667864,-0.8985593083471677,-0.24733030231634462,-1.3729185841206086
0.23456379024902008,-0.9286680000252463,-0.9286560989367786,-0.1699323085311459,-1.3930395459718166
0.12381285151708554,-0.916134292730743,-0.9161234791180364,-0.11738974420434212,-1.4682143623728672
0.1988547889448451,-0.873150962552094,-0.8731407110926666,-0.13358383780458188,-0.6035021347054297
0.07406523378835807,-0.8167448912052135,-0.8167360854385536,-0.18601424940794417,-0.280167913825295
0.18594022801192445,-0.9112245670025566,-0.9112135501767853,-0.1794828217628218,-1.8806120220681002
0.08115143855372757,-0.9170409254717644,-0.9170299123817104,-0.11755739095224815,-1.546901902060946
0.11318136337347005,-0.8342369562123322,-0.8342278472287207,0.8936650609465466,1.2419025307234093
0.018195469195152768,-0.9123735536107326,-0.9123620631867009,-0.23546499006025504,-1.703362689714657
0.044159497024693725,-0.916361600238074,-0.9163502441633503,-0.25711360029531216,-1.763446391238811
0.029874041815301358,-0.9160860637738092,-0.9160746243264808,-0.2336916524380557,-1.547156738681044
0.21648687325000493,-0.9234786179961769,-0.9234670125523033,-0.24342700726537914,-1.5413632364190848
0.10246875299817311,-0.9325651415619884,-0.9325538694421623,-0.14177646718944428,-1.667877115725091
0.20456056953941718,-0.935410694801911,-0.9353989109881691,-0.18086867508858676,-1.9390883940356989
0.18031758523065963,-0.9401314454156495,-0.9401198242784978,-0.18982272961951643,-1.7059656659994058
0.21085661373403958,-0.9301778305841855,-0.9301661194922747,-0.19867668711863623,-1.9130492823565557
0.14730735972710565,-0.9385394420285085,-0.9385279909785726,-0.1663116860633617,-2.3337023978388594
0.0870204685974911,-0.9125075826433255,-0.9124965817878311,-0.1946859855120433,-1.7460814830213567
0.10974812533630869,-0.8710163050329912,-0.8710063701853207,-0.0768977996734093,-0.797599736594454
0.19662370630040962,-0.7810981839887556,-0.7810900890935325,-0.03733740241066299,0.21872065958148312
0.17198486208090852,-0.8984199804504004,-0.8984093407056282,-0.25191720899695874,-1.4617083559725998
0.12922999809799668,-0.8914694578286759,-0.891459108494306,-0.305005712544807,-0.8422888144418234
0.15107169619587735,-0.892967914056082,-0.8929575310745381,-0.25271055774494094,-0.6064916813835468
0.10634200236176988,-0.8982151977019716,-0.8982046968949874,-0.22862669767674387,-0.7512098669602212
0.18588543881322322,-0.8983348073064005,-0.8983240351346717,-0.2949750397107924,-0.7899010283002713
0.06562729711745373,-0.9038590156223718,-0.9038481641868087,-0.30762444614773404,-0.9339046628183321
0.11524829897371569,-0.9167170704889003,-0.9167061094506943,-0.21055799924422922,-0.8969558078111876
0.04907904082094021,-0.9106641348799702,-0.9106529962989732,-0.19520596026588183,-1.1585465119942238
0.08071591007316978,-0.9108876360165127,-0.9108767610958599,-0.21828758131749346,-1.2406931111291382
0.045045120670354474,-0.9125339585538492,-0.9125227332069589,-0.22478897656004213,-1.4088760042180057
0.02863143181599839,-0.9042083061182707,-0.9041970886009253,-0.2125615597583131,-0.8849191562813825
0.03964948735785189,-0.9013153747572378,-0.9013043117590449,-0.22703967341746797,-0.9714612181229008
0.1294176771979173,-0.9056450095772351,-0.9056343419371017,-0.21176686956673502,-1.3342285890137344
0.10454297194069133,-0.9067901002529568,-0.9067794069003172,-0.25628818319952124,-1.347213442048106
0.057763595564485716,-0.7705475510943015,-0.7705395587694056,3.640290638214972,-1.7236094052005317
-0.008896645770126168,-1.211965967793932,-1.2119461380805705,-0.21135269179728397,-0.7350911030155174
0.11501860184907259,-1.2207389583588415,-1.2207212378129502,-0.21885426855491397,-0.6017328211496661
0.1499736348951138,-1.2257153851374947,-1.2256974632884798,-0.20120614870641562,-0.6780673183573506
0.05196750665484784,-1.216846496419128,-1.2168281467995163,-0.21677849136189611,-0.4223414672758336
0.08689172782915174,-1.221398042656103,-1.2213801058015417,-0.201776318401824,-0.9646506061857191
0.19119311294499863,-1.213518161020707,-1.2135000428667948,-0.26855190124336126,-0.7240471846454847
0.03613669034686966,-1.2168580274835759,-1.2168393193664213,-0.2320606864711692,-0.338203530107375
0.2553030560790647,-1.2182744452252783,-1.2182545634174926,-0.20052636683404665,-0.30441437060453524
0.01202648854850134,-1.2221560254226198,-1.2221365490337623,-0.2338833453303948,-0.5429033265105417
0.056633938919779137,-1.215479651059343,-1.2154614216912962,-0.22681661605340694,-0.24994353217077836
0.18595736951183642,-1.2220520219384243,-1.2220337569402557,-0.17140068721779636,-0.5966426045407838
0.07567894033467783,-1.2188133153768679,-1.218795302221736,-0.21395632082956315,-0.2453017639931315
0.1325154461569655,-1.2196073243233785,-1.2195895844080031,-0.22874903413633738,-0.331973680176751
0.0866279682565986,-1.223788958490947,-1.2237709679494249,-0.17838711478661184,-0.9665613775767644
0.10694324739548611,-1.2216309253771187,-1.2216131176327603,-0.2977376715671198,-0.23562163600324043
0.1700533915178187,-1.215732506031791,-1.2157146068347016,-0.2532966390734363,-0.6241276054743528
0.15652424985406302,-1.2175458386850833,-1.2175280331098906,-0.1725189798579704,-0.6607536796568252
0.07336292468693831,-1.2237725015348901,-1.2237543322435926,-0.23995952560510456,-0.3295354845743481
0.1983483350720723,-1.229634558843978,-1.2296158996841504,-0.20914160508770738,-0.9126835831198982
0.015226553203818723,-1.2282296721667234,-1.228210104176634,-0.22560006196554497,-0.6539056237176851
0.08569651853943475,-1.2309188059576492,-1.2309006329286327,-0.18956412878879902,-1.0732668845893927
0.12700922224841496,-1.234439183957565,-1.2344211557791493,-0.21585042612584318,-0.36545484068088546
0.07341121529785126,-1.2307191506145767,-1.2307008477292511,-0.1773677316954679,-0.4400800856483304
0.10716252344219798,-1.2355905439498798,-1.2355724003585287,-0.19086244820688006,-0.9587734235002425
0.1157940809713426,-1.2329061569272317,-1.2328881631722617,-0.23506886838937596,-0.4668528092486085
0.16670855761204798,-1.2368219049000053,-1.2368035769295915,-0.22463860938846142,-0.37230071439058054
0.14999626711185873,-1.2341057682668966,-1.2340876580155284,-0.21486785008862755,-0.7389986058643955
0.09349847837929977,-1.2381251614772033,-1.2381068938023922,-0.17302059237530074,-0.13029340417352656
0.07963779076871316,-1.2364099212381758,-1.2363915353489325,-0.18786936018432732,-0.5511915812376749
0.15845459970568343,-1.238242599211241,-1.2382243288994175,-0.19135151310140597,-0.33269830031648573
0.1194209366610478,-1.2368983905624407,-1.2368802847737113,-0.23975114043801324,-0.799735857861456
0.10496146791501554,-1.2360348817634126,-1.2360167505845654,-0.2139852808519859,-0.38597923577768606
0.13634981362865023,-1.239066029164906,-1.2390478523128943,-0.1752371993742621,-0.6840536197356235
0.09360761310831733,-1.2362681675119236,-1.2362499415350932,-0.19260200379783318,-0.2175823108978194
0.07944731085182793,-1.236439700491993,-1.2364213139340696,-0.2186155660351765,-0.7345099283973954
0.15142240451364516,-1.2398400882504008,-1.2398218268474928,-0.1771554187484459,-0.30037089778616155
0.03717212516231751,-1.238690049292654,-1.2386708285571635,-0.23211194728414014,-0.06838453942457565
0.16347409198727833,-1.2357196023100312,-1.2357013438711633,-0.2341120488955436,-0.3363631751415021
0.10443708778784648,-1.2298068754886216,-1.2297888841569087,-0.19909274668478702,0.1350072998534435
0.12306101472650328,-1.23157341217163,-1.231555448342856,-0.20721636172550836,-0.12460753920471244
0.0379467034838927,-1.2374008315065412,-1.2373816173299539,-0.1961057414645325,-0.16643634184655542
0.17400955429597315,-1.23780547111179,-1.2377870314961763,-0.22364451786529466,-0.25020053068873993
0.0588570663079718,-1.2353499813160378,-1.2353313057684872,-0.2330958667454738,-0.5651221576937466
0.1387803418817262,-1.2356985553186117,-1.2356804764716536,-0.22891568683757393,-0.5547993615729915
0.2105675317243035,-1.2387679455513227,-1.238748790236447,-0.20351578045659002,-0.2712510312888381
0.07207673260362818,-1.2353814622415014,-1.2353630098861967,-0.23269239831857674,-0.1646409916373363
0.08867518241245123,-1.2329019699193642,-1.232883774749189,-0.2164003540431959,-0.012125444810635497
0.1865189511048527,-1.2378531179178973,-1.2378344757231727,-0.2139983167128461,-0.24221221997645967
0.017864477192663687,-1.237816173730831,-1.2377964352599038,-0.19928379081533498,-0.2563872917993956
0.13902247582621113,-1.2342246389875842,-1.2342065932367674,-0.20944292426244185,-0.4082757978972702
0.13944377357920887,-1.2399073266708613,-1.239889130927885,-0.23142524579709442,-0.402337749020404
0.09859673846883839,-1.2427748001284433,-1.242756472827874,-0.19741929124571078,-0.3613997396722262
0.17459667887808625,-1.2411330676264696,-1.2411145532911432,-0.24467674723634122,-0.31502208202834386
0.08714752958090492,-1.241033833300968,-1.2410154331434728,-0.22825879721236755,-0.8869621114841951
0.055427750760953375,-1.2426988518360016,-1.2426799217131497,-0.1956649400343642,-1.0186062750666607
0.14481610147871773,-1.2390364290344202,-1.2390182528470663,-0.2406858502315737,-0.20503903932188056
0.16604848676669495,-1.242716070066216,-1.2426976097449227,-0.25410468876290015,-0.3166792623176184
0.1434045307614765,-1.2369303640770652,-1.2369122127905574,-0.2137600431085574,0.034674343080021056
0.0687220405402181,-1.24043294169594,-1.2404143087421509,-0.22045852385326192,-0.005280636269203546
0.15271677496966912,-1.2405339000835045,-1.2405156454912714,-0.25084868502606367,-0.11279074724881348
0.0526225355808671,-1.2404215449739904,-1.2404026212072325,-0.19642382670913325,-0.30758718455194634
0.1349427251161473,-1.2403145635644133,-1.240296358677112,-0.22674885028259514,-0.4047628460263864
0.1493318288256993,-1.2399546376207227,-1.2399363960355725,-0.2328531248783321,-0.090797464050611
0.03391826635646852,-1.2372697132280808,-1.2372504572158691,-0.282755241419375,-0.37701132563675305
0.14405406768838422,-1.235932423217949,-1.2359143391195906,-0.22455133183424922,-0.6681242477729177
0.1843286551771437,-1.237888808241645,-1.2378701876354234,-0.22285765167530813,-0.2626652649619895
0.1721523738240637,-1.2368174715975573,-1.2367990541670368,-0.26224819622751255,-0.19367630573195546
-0.07569080314938237,-1.2392011105470702,-1.2391772212338878,-0.2344297322760732,-0.24894191793417647
0.1446926257461832,-1.237519433542232,-1.2375012690284293,-0.2379965379823385,-0.08363412757865021
0.10874126866333077,-1.2412282716770184,-1.2412100238828907,-0.1960164599630929,-0.5071169855557816
0.11910866143769284,-1.2375804922077651,-1.2375623487128304,-0.27861310220540375,-0.17769664237184693
0.13981969149364554,-1.235750030885924,-1.2357319732730183,-0.22295921599015225,0.016109141570395346
0.0701674454597841,-1.237210826432939,-1.2371922658303272,-0.20524050437977204,-0.261412559641313
0.1243894464283011,-1.2387007295212786,-1.2386826056517364,-0.23212555958850883,-0.018178835273220614
0.13402707499437283,-1.2396326410424199,-1.2396144290774747,-0.2223404242764961,-0.07665487257795113
0.12795927061479975,-1.2370962994530335,-1.2370781892203473,-0.2492072301184654,-0.09447104544588729
0.15255721848275672,-1.2370907466297654,-1.2370725693520246,-0.25946663369238343,-0.10748304340394697
0.054993791789364185,-1.2388351391909505,-1.2388163182159757,-0.24479364042710366,-0.16883838486305422
0.11245260855884083,-1.2351466763350916,-1.2351286098803327,-0.28121903098895573,-0.05862225380290776
0.12957857687163082,-1.2349907942560885,-1.2349727536915067,-0.19939039648027984,-0.20798307744989045
0.135186987643057,-1.2313325360719583,-1.2313145328721233,-0.2107720331280286,-0.2182686036309574
0.17272168499229462,-1.2356306227952425,-1.2356122096249749,-0.22184921173676364,0.0985229865644965
0.06511367274292243,-1.2398988407030445,-1.2398801525725167,-0.23021953399106312,-0.5375652085236842
0.13727790121140585,-1.2370798424969767,-1.2370617102439105,-0.266688014671691,-0.15339016037911066
0.08655771477835382,-1.238113070652345,-1.238094758469201,-0.2810532502456872,-0.1768398679653404
0.1978051310955086,-1.2359920712872488,-1.235973246982369,-0.2670920304500155,-0.4469203791449783
0.05066832252507542,-1.232905126968077,-1.2328863495892572,-0.2202897364228815,-0.35706554566472143
0.046415122480942095,-1.2335505531113322,-1.233531694070012,-0.2505315581411441,0.16689045515119702
0.20690011756345714,-1.2323251032311373,-1.2323061821470993,-0.2661164280285972,-0.18986444604686042
0.020846277519060222,-1.2331805290898434,-1.233161029049754,-0.2688056140500397,0.43732815110864687
0.22632047269022207,-1.2321078266303551,-1.2320884626268946,-0.26884467631744746,0.22669725054632356
-0.004612296614991851,-1.2331017148241021,-1.233081365737034,-0.22885942779731838,0.16928642403682223
0.1955161202344347,-1.2374117580297463,-1.237392946626254,-0.23259835800501236,0.12523233363844227
0.08738630267326024,-1.2359194143860184,-1.2359011290705448,-0.2698779803919935,0.1699735684196225
0.13832643834927294,-1.2330267741003988,-1.2330087328571961,-0.281186807543917,-0.2009403876101054
0.13378942325462623,-1.2341585648687765,-1.2341405206016252,-0.2753170802950888,-0.028101979561145688
0.022200599627304682,-1.2335001746744236,-1.2334806898467472,-0.23973699774990073,-0.05725031406040651
0.07889693637350574,-1.2346404066297858,-1.2346220380842992,-0.23423088964032496,-0.0066246776245247555
0.16887342339117425,-1.2332117413303103,-1.2331934944245275,-0.2826554178343336,-0.04724879890781466
0.16465809416230123,-1.2361393554463527,-1.2361210651921994,-0.24234309383536082,-0.2825774560089246
0.05831106183501315,-1.2390382202677326,-1.2390194171225755,-0.2281647965978681,0.06852217980935658
0.14545555456695794,-1.2393030093321236,-1.239284804768913,-0.2545568610721114,0.1123479073305764
0.1542204466274158,-1.2391003984540858,-1.2390821312706723,-0.27478072924088937,0.01449938874779139
0.06282958583155393,-1.2362401123201696,-1.2362214615649472,-0.2934697137745617,-0.3100722883921674
0.11433186473859619,-1.2340697644773193,-1.234051744594055,-0.2275735189248739,-0.023138975632901987
0.1344195766175439,-1.2344656494297543,-1.2344475758772409,-0.24872036665079633,0.15434528938680828
0.1510930974251959,-1.235429691198435,-1.2354115512189614,-0.2793326393185145,0.022349180334586494
0.09048709845087084,-1.231740556630084,-1.2317224099288457,-0.2556262328144202,0.1275828418077376
0.12382921034621588,-1.235634697851028,-1.235616642827875,-0.24858636213918112,0.14477858355637382
-0.005646049080957015,-1.2351196511024922,-1.2350992119237274,-0.2842993877184213,0.06793384360378997
0.1743305701711945,-1.234437683799666,-1.234419319806231,-0.26926842381190685,0.13493777686966898
0.10458678227028378,-1.2339567152648967,-1.2339386307503617,-0.23595384331247296,-0.009335417731735993
0.18757824655991467,-1.2278709776959351,-1.2278525596457672,-0.2902420978512992,0.4040151343877099
0.0982986933319042,-1.23055052838864,-1.2305324531887885,-0.28422048914097364,0.25961046438050095
0.06748413906782093,-1.2332164880985879,-1.2331980395769957,-0.2678791817829217,-0.4177477564856667
0.18310476131583558,-1.2287244779788304,-1.2287061303233446,-0.30275609422125843,-0.1380854594154064
0.022229507315366857,-1.1892215589068165,-1.1892032474552405,-0.06552188739851852,-0.07381644391360674
0.18047209979823825,-1.235590320045716,-1.2355717958308603,-0.27073703315679537,0.23036879335413885
0.11008650839247017,-1.2353596091950914,-1.2353415379590191,-0.26977177705526567,0.03292726232430737
0.09273173990889615,-1.23740320489068,-1.2373849534270858,-0.2773570796459386,0.1395878823030551
0.1427171204547513,-1.2368655662119927,-1.2368474163804923,-0.2290087703923706,0.020352617332322867
0.10255906387779602,-1.2371530367682007,-1.2371348580917623,-0.25352957920823777,-0.04925612472929068
0.06694183268625561,-1.230855687373807,-1.230837291862954,-0.2715339126877292,-0.24012389488969585
0.18119962362544115,-1.23255171663556,-1.2325333054310315,-0.25399162535690195,0.1367923119679688
0.09665439931259673,-1.2377213727077776,-1.237703136489779,-0.25418114161045025,-0.12261246062192231
0.1863282506360536,-1.2358128360039364,-1.2357942172329288,-0.24430587033104958,-0.013627973353773718
0.02057097743938504,-1.2396254761091707,-1.239605764180897,-0.28006314566745283,0.05842816671113851
0.15111304198605996,-1.2373084038676265,-1.2372901993125747,-0.27303184648707013,0.10570441179199308
0.05172380704822998,-1.237330167352371,-1.2373112906112205,-0.24893058070335414,0.1922939193633824
0.13135172385865249,-1.2363181877021696,-1.2363000949416396,-0.25466456815844446,-0.004206660697363923
0.2063597140832884,-1.232252826966986,-1.2322339298957932,-0.2671144346782428,0.25599473601523365
0.10768791272260093,-1.2402020293315679,-1.2401838269711731,-0.2520340208137701,0.09594492446027053
0.0831327666721418,-1.2422973692794657,-1.2422788959700002,-0.26289004253545606,0.08548422358756694
0.13812060827563682,-1.235312566930227,-1.235294496750468,-0.26187307635737467,-0.1541816087778582
0.12359895334669255,-1.236947156889368,-1.2369290500056123,-0.276365047606039,-0.1298535695627529
-0.012320247483840611,-1.236809634951816,-1.236788866756332,-0.2596920454242026,-0.056313063504704206
0.1827664911001882,-1.235639131153476,-1.2356206058425887,-0.285927851645168,0.10122981603606919
0.0930451364848598,-1.2342002110432877,-1.2341820315015077,-0.25224562430170855,-0.20206145712995777
0.1727834190117262,-1.2248135215551672,-1.224795396057965,-0.2195549789539116,-0.030914823096175575
0.07962086982071509,-1.2324236434537303,-1.2324053694645105,-0.27851151338529895,-0.2525931060896906
0.05001194977111572,-1.235161230105754,-1.2351423796772194,-0.2960642799998421,0.0654814540065464
0.17785826213003558,-1.2365906118985543,-1.2365721323923273,-0.2628123113063199,-0.27902257425453963
0.1550939681279412,-1.2353411147111417,-1.2353229095508733,-0.25141209393487224,-0.13567605648718195
0.10459092787689775,-1.237710804431235,-1.2376926132303696,-0.2584591576471558,0.10110292009450639
-0.020411743260055147,-1.2355431882191859,-1.235522179782241,-0.25144711759876615,0.04452725654562314
0.14914717301807498,-1.2337039722445309,-1.2336858710153153,-0.27445527565929856,0.366784552797517
0.03875434407609402,-1.2347031221861327,-1.234684013365246,-0.28112675478547255,-0.022315161876076486
0.3383822436101661,-1.2364568739413746,-1.2364323969413198,-0.22036094078648663,0.041655866556402646
0.03357271792766282,-1.2340391119972625,-1.2340199061368633,-0.2601910092455522,0.04864191735549697
0.013262369149873582,-1.2368358765198413,-1.23681600333166,-0.25819627009326723,-0.4045401355435016
0.21810573455617255,-1.237405264808989,-1.2373859609731994,-0.23434432424610338,0.01984844245132118
0.07201645012353684,-1.2369060256944342,-1.236887516715816,-0.24912775529149364,0.23767735002514662
0.12802851590151956,-1.2373177406712668,-1.2372996478561293,-0.2729800878713136,0.22539568170876115
0.12924960638130598,-1.2334126505367013,-1.2333946006288137,-0.27151466641418137,0.08686117980186589
0.1346647360983127,-1.2336756035869472,-1.2336575701644783,-0.28024521072338354,0.15214520658775274
0.13415346470495573,-1.2388865699774299,-1.2388683747651812,-0.24824649318473363,0.3345111640816989
0.06698754848180177,-1.2356798817113308,-1.2356613330954942,-0.26325129653788926,-0.33737141582369146
0.15478931156270465,-1.240963796078457,-1.2409454870532715,-0.2447692335268489,0.04146482257561557
0.07517618455329836,-1.2367476806696267,-1.2367292424163172,-0.2437183242577682,-0.05974234438467301
0.16770163107268649,-1.236806522683936,-1.236788195058923,-0.2956983662027463,0.05299415624707629
0.11595520440266645,-1.2340588603445306,-1.2340407959262865,-0.27089740299319454,-0.25932833203039435
0.16693802905566293,-1.232818834303257,-1.2328005962200281,-0.2690123232555266,0.04435751856996351
0.024474479601263,-1.2341085446785305,-1.2340890685800876,-0.28123549132671766,-0.038510154801920216
0.09349690887033117,-1.2352539040392492,-1.2352357008372576,-0.2957127893108983,0.2782291078864067
0.12692227366348507,-1.229525427954426,-1.2295075101122346,-0.2678033227467185,0.33537136267407186
0.1322402582766651,-1.2298036960494922,-1.2297857495689997,-0.2650551756991035,0.3056879151226621
0.12483192085158298,-1.2361973914056712,-1.2361793237474825,-0.24553814659672094,-0.39185659586743127
0.12198625771673971,-1.237508283114863,-1.2374901636312652,-0.2733186516691506,-0.12265503339532832
0.12440535710107153,-1.2217932782864624,-1.2217755564561956,-0.2829254431302086,-0.005977222139300366
0.047622315946166054,-1.2334369889193322,-1.2334181100381323,-0.28377688073836416,0.12787492124265634
0.13654880915751294,-1.2345409260097038,-1.234522850766888,-0.24748822993781458,0.10300922256338467
0.145397514792084,-1.2371492975686613,-1.2371311413660986,-0.2700773429940338,0.3834794301488026
0.09041561142064256,-1.2344649553268459,-1.2344467474504361,-0.2163289608053705,-0.01845792121410477
0.1281061646008421,-1.2390285028270134,-1.2390103492075526,-0.22943648348825316,-0.17881774881284318
0.11693875502151138,-1.2357563449833497,-1.2357382424488368,-0.24216563554242862,0.28999507333082736
0.08381491066078361,-1.2392719090437387,-1.2392535036696486,-0.2521467477125755,0.2934605234675686
0.20557437487996116,-1.2386067569436319,-1.2385877171977435,-0.2619756292378563,-0.1292036665742791
0.008136096402714031,-1.2375168810347619,-1.2374968134356155,-0.25589865547407603,-0.2121989964671209
0.1495449409593294,-1.2386798616531902,-1.2386616486925723,-0.23522369001861668,0.21560918114361732
0.15959613794361147,-1.238121713353077,-1.2381034233657784,-0.272970419141798,-0.12748967684586707
0.0747564537447121,-1.2412344290415294,-1.2412158452604363,-0.2955129507647051,0.326030434999491
0.07265668668398279,-1.2351573789541326,-1.2351389092406055,-0.22999322642435,0.02430086418285085
0.09490220668081231,-1.2353174928218358,-1.2352993105819,-0.24848169577551885,0.19859674572825034
0.1905315854311911,-1.2282623621746729,-1.228243890556312,-0.26284768508948053,0.29753675080440717
0.07817344403012418,-1.2344605668052306,-1.2344422246878817,-0.2467171348524243,0.2907079260027536
0.13480199376090812,-1.2328401499796733,-1.2328221353169466,-0.27179836014905445,0.28923067178478584
0.0541922035520091,-1.2213680618885383,-1.2213496555189955,0.12925119571955732,-1.1192187860121539
0.1543339513617969,-1.2213545380770305,-1.2213366917589998,-0.2519258040758004,-0.19308840359658822
0.3151779459753077,-0.5669343884566714,-0.5669298039000453,1.9314907514557216,0.3963923587060148
0.6007438247760989,0.35497416937549964,0.35496082923128836,0.9249417586133847,-1.0654997213264683
-0.21548996238527077,0.034544741097789176,0.03453698398130695,1.4035109597220745,-1.1576361176156846
0.42638984317609796,-0.2530509327571021,-0.2530523215992047,2.4315107515945953,0.45598729783211134
0.45503606950891834,0.423046408942903,0.42302939083486124,0.9327052349058967,-1.627095250369682
0.1452930860254151,-0.19746609710307916,-0.19747142086779132,0.21272113024780862,-0.6330755782112467
0.23951100561678812,0.03422321471823101,0.03421331538977272,1.7090546790049064,-1.8210654296691953
0.6665632863111692,0.8076675489402463,0.807644222885132,0.1182957645034031,-2.1155143918218133
0.8736230035457017,0.6797423229822673,0.679726884772345,0.156713610776977,-1.8036614310815904
0.028497315735897286,0.4712458105269746,0.4712257398102249,0.3637634986115182,-1.6827654663844083
0.4094460603612688,0.36390060146402414,0.36388437409108026,0.45583664456445,-1.5750960761263193
0.17798442808300818,-1.2110398777810556,-1.211022039175037,-0.09555288157436437,-1.0114321163887507
0.1394603560056647,-1.016922423569016,-1.0169093020234492,35.918651996000534,1.211220282981873
0.17842555755635586,0.2196610016209321,0.21964640101081487,0.2796789228078344,-0.3977591683569569
0.1473420940889859,-1.2169546197399417,-1.2169369169999642,-0.09172254258450811,-1.0151394590150402
0.02265752164350962,-0.09975494684867803,-0.09976228555487197,0.2148094485675534,0.22759247981929925
0.06523400689296266,-0.6392227434329051,-0.6392178790679635,9.967847600782234,-0.24214205931262142
0.545838913256783,0.8145328088563053,0.814507537451716,0.010683168276264851,-1.2661679942812638
0.20032316716725537,-0.9886078612314686,-0.9885949724584675,-0.2332616763870999,0.40661953138289053
0.1262157039510922,-0.22949299048037197,-0.2294975950953164,-0.1565679652658248,0.6846973024723637
0.13410606848334472,0.4028918099595462,0.4028730949824278,-0.2119074860643363,-0.2975631776980416
0.11131644947951025,-0.9128711134440572,-0.912860283544948,-0.5690000867337736,-0.08052152750864601
0.03834805667602638,-0.349993375235529,-0.34999491582885306,-0.14595647149031676,0.7960603123878743
0.20236500601134627,-0.8611898229858679,-0.8611798401085549,-0.6419072922864918,0.6996746229993084
0.07439554874776265,-0.5676172961569865,-0.5676140396607874,3.5748064258074486,-1.944247827087169
0.08105036935690975,-0.3560324287862887,-0.356034102454292,1.3900795541443212,0.8411775754537336
-0.030347863436430342,-0.755384358078172,-0.7553759001991978,-0.2479350652552575,-0.46734794617430564
0.16804472009119661,-0.48014438770737405,-0.48014318493641545,0.2517205351228482,1.1948650591229122
0.21368008856095008,-0.8658199819748367,-0.8658097607898635,0.04824593723684311,0.052787796349554744
0.24162914516485573,-0.47877534808678185,-0.47877372825873143,0.11534917458024568,0.7704269818517866
0.010920918224437061,-0.3918797541337243,-0.39188035418688105,-0.15911707105732825,0.18701081631792787
0.19529908176382593,-0.27546069448064686,-0.2754639982321049,-0.19175614672150787,0.17138207534424796
0.44181169468635617,-0.0328590101974632,-0.032865522471397034,3.2253008335026716,-1.8434209721611088
0.8766326036714767,0.845972894200488,0.845953185998465,0.3141754396129234,-2.220523327014566
0.12471001350602326,0.25795130052135046,0.25793584011945647,0.888673857186352,-1.2419619806829219
0.2204500988185181,-0.05612945952756891,-0.05613759870553385,1.3138590258148308,-0.17915098217155367
1.1292334393363754,0.8605873876722268,0.8605737996033248,0.22581555431959086,-2.1117055944220975
0.05524488757876871,-0.6511351614530366,-0.6511300296000014,0.350103408405594,1.025265474984575
0.25968018065323184,-0.5521372787487435,-0.5521338324915818,2.3361554303598306,-0.2861522021321669
0.38595313720784497,0.8294224357648136,0.8293953970657453,0.33332219341418473,-1.3770744152072791
0.3033585381353558,-0.5765456986021545,-0.5765411669067612,0.09279819760991166,0.6360145230158253
1.1992876207168408,1.2142081901035573,1.2141868407547836,-0.45318910463417944,-1.9143033161202396
1.4241522580203074,1.8702968287734925,1.870263434033292,-1.0403099966285583,-1.8735057865256668
3.559407291132281,2.22771020949696,2.227765155385198,-1.250658636232835,-2.015241979138822
0.313980831219637,1.892893237008179,1.8928414229446866,-1.054207369742632,-1.8484461710212403
1.2939418548255346,1.2985120485770456,1.2984909556540147,-0.4732343716704951,-1.6469476136532282
1.380561680199911,1.752730663307217,1.7526995502248002,-0.9786746867101533,-1.7288507942904299
0.7072594844288973,1.5773531591797274,1.5773123710543377,-0.842185372452205,-1.801411696533105
1.6232649666277934,1.4996077223559012,1.4995914281222664,-0.7292928661667534,-1.7568706184084408
1.337754502777645,1.549105409844729,1.549078869077585,-0.8713754667091745,-1.7747304921486653
1.3963956252675978,1.9747010118609747,1.974664198055028,-1.085515724747261,-1.820246033469601
0.5668737391678949,1.881622438760514,1.8815723107322988,-0.9684298149014395,-1.6841419397345614
0.7867663772234094,0.8658202966707851,0.8657979933723826,0.38183460791984,-1.186831704036385
0.30955643672829797,-0.27545720157568787,-0.27545960980903206,2.0285334336777527,0.42654538340807513
0.31639030445860805,0.175217637169426,0.17520475099269556,0.45291652584675,-0.8992131999980525
-0.1035894303017218,-0.3360239048795501,-0.3360244157563526,0.462067908438739,-0.4461909363287785
0.21084865847779677,-0.21503639422511264,-0.2150410547775873,1.4628418087479598,0.1714904905429211
0.06053026545078432,-0.13061055276305672,-0.1306173777395355,0.39233517112103633,-0.17338212711401957
0.299680819583928,-0.03782618973414156,-0.037834202546031155,0.010941974480968508,-0.41041709831339435
-0.1205264837186202,-0.276445604117416,-0.276447184119726,-0.11550640352340197,-0.368073666646917
0.21973288451101092,-0.16357739582097988,-0.16358321186257166,0.5442784082017106,-0.43726903345551094
0.3297278275421091,-0.4109978559609177,-0.4109968624500194,0.2729850715912856,-0.3610462138861366
0.08591781161033586,-0.5612018149256466,-0.561198792045904,-0.12350929510264815,0.5260939603376877
-0.12841785171399547,-0.3557120667083835,-0.35571177725757597,-0.16279595248557216,0.20083456669558714
0.08437906706916669,-0.2972734381412014,-0.29727643121642844,-0.22489478474554564,0.22395207019366792
0.15809291251880683,-0.358821737300205,-0.3588233483355156,-0.23951400217104177,0.7028146667080721
1.7836742816291593,1.638038710813861,1.6380241443947705,-0.7728805940340319,-1.9726607049890015
0.5652915099958898,1.0624287518789937,1.0623980931996286,-0.37293177079886347,-1.8151988626391506
2.6279192697430083,1.5526925336759443,1.5527221558245725,-0.6440999713703895,-2.3434355907965454
0.36595572595029163,1.287557582132333,1.2875198979719606,-0.5439492509767418,-1.8021280573130056
0.6190325229035895,0.9641400184430408,0.9641122832710787,0.0749309936483097,-2.015626120378383
1.1547163562467835,0.6055066287105649,0.605501634276567,0.32080333907080494,-1.1422659320104689
0.9237420821488443,1.8984421195630274,1.8983969874355697,-1.0502701424845013,-1.7124619852446783
0.8743786656938253,0.9773856514175185,0.9773622759227454,-0.21523122483046755,-1.854211409047425
1.2423789100371088,1.1436463153553857,1.1436283416354844,-0.3210750134028213,-1.073723812748568
0.5315440307353505,0.9730680626415463,0.9730390522784342,-0.14608582454462896,-1.25543879043372
2.233670762573439,2.1853808586006322,2.185365823729377,-1.2396906169444117,-1.9375684691276787
1.3560972002202383,2.092625782236373,2.09258417105,-1.1570026928004908,-1.9127783822956557
2.0622194903576916,1.7170249349531188,1.717019342091742,-0.9515290481163838,-2.0511228051524877
1.8246970196781844,1.7709034417538432,1.7708862501544276,-0.9211029283803666,-1.7118479920973342
0.10158290880059848,1.140087672133836,1.1400525828680257,-0.44291444615416037,-1.8587258034341065
1.4491516430696443,2.0280303265281474,2.027993389951811,-1.0918956184363309,-1.6553315704024874
1.4380605284240369,1.2093243924775667,1.209310854922606,-0.5259553217311356,-1.740424331924781
1.7293007463488854,1.6440719428563557,1.6440554497706092,-0.7679700422922364,-1.773243524326818
0.08991061421632428,0.10200724484568505,0.10199528609879396,0.6681137006702306,-1.0745615995205973
-0.14436867903781447,-0.3813227623610115,-0.38132153959470855,0.08413919523713816,0.055138995767160554
0.11297295591991001,-0.5519023584998352,-0.5518996339949404,0.09357816488822229,0.454370167254977
0.10581459605717772,-0.6174592586884388,-0.6174550621322591,-0.08739913686865959,0.03668851180433917
0.7255750591151966,0.02460518744782677,0.0246033853375297,2.485857167172087,-0.6629756706085221
1.4844134420291684,1.7517014206459685,1.7516731965836871,-0.8096787624092361,-1.9542451127410814
0.5793680153478874,0.9284894600749615,0.9284619880626392,-0.05058382881538771,-1.4485206475206451
1.3571115338595527,1.4294109009567766,1.4293879434735932,-0.47395154952460217,-2.0104836682809384
0.7503054323789613,0.2584908199950157,0.2584834078473591,0.8510162566730934,-0.8315053148996013
1.2007215569368845,1.6379871232944667,1.6379539296256054,-0.8270799020083544,-1.6534822675195338
1.122160595913696,1.5823080687682165,1.5822743341548806,-0.8261722486685346,-1.9576762202156512
1.167832116945427,1.3978617295038747,1.3978344651027692,-0.48782600302674317,-1.6036595223209333
1.4367651193223718,1.4413104220970596,1.4412897050857036,-0.7469568856945783,-1.6524146054602706
0.09238316017355307,0.44378709946604494,0.4437672870839254,0.11685285304155439,-0.91810676474406
0.9955512412701464,1.8307933275506523,1.8307511474014604,-0.9499326780854943,-1.3544143248941392
0.19203167696717277,1.0830754026532396,1.0830417726921089,-0.34181668807521326,-1.2728298929349082
0.8664581643293596,1.466490326138079,1.4664541768204267,-0.6777750487842994,-1.4410112856239403
0.7846517459895069,1.478130655818072,1.4780933495254043,-0.7761024842851666,-1.6692406125111647
1.9096274379086344,2.0075106741957436,2.0074888861624975,-1.1101949725111906,-1.7896048670498261
1.1288801459450122,1.620144648270629,1.6201100640535853,-0.8035719184098962,-1.8430482811469284
0.26577566109230144,-0.1354447332262967,-0.13545082273580306,0.1869645844223735,0.8035484137704384
-0.08787581425496094,-0.40798616583127917,-0.4079852399465546,1.0341842858598091,0.15343998150494478
0.08970086165254523,-0.07457262464268703,-0.0745806183664759,0.47768824354996514,-0.29758016575271173
0.2740049659108962,0.03304547881539261,0.03303560593247467,0.30421762546801334,-1.0170925941133766
0.917914833869977,0.8322962904910705,0.8322776058683891,0.23616117909793113,-1.5827263455979697
-0.12588558747924578,-0.2424896420244398,-0.24249207405255946,0.3994467771172735,0.2790217897979766
0.6111550240332178,0.9384155794750816,0.9383886010533619,-0.13839682217331334,-1.6259152620058155
0.0007836649608244241,0.939713148886513,0.9396827380615714,-0.35683696246241275,-1.5087676650761332
1.1888966917193426,1.4403295427352432,1.4403013247381187,-0.6217665959947966,-1.5711099140370361
2.0712606826751085,1.7755380788260928,1.7755308138392547,-0.9563242031303368,-1.9486773700272115
0.7257835883852207,1.9381537620967573,1.9381045141143145,-1.0393140653167703,-1.5518987782804343
0.3513630265375102,0.08085672014068845,0.08084649015466644,-0.1618945365705976,0.012424408081481443
-0.02616099822723459,-0.006633831957050127,-0.006642813858542226,0.7290673222142336,-0.8205905198143539
0.38950580795321244,0.24400905691171854,0.2439953425312294,-0.17332532031914008,-0.27150304746249754
-0.16977268965419348,-0.11890036498388404,-0.11890503479679271,0.09772184901106513,-1.051629499548442
1.6285550940596292,1.4257159448801606,1.4257023845696595,-0.3853232885466351,-2.2194909500133924
1.7844225578527246,1.1197338880061511,1.1197375873077344,-0.0904915001908056,-2.030601188740075
0.22294124807322763,-0.5909422885414518,-0.5909382396138707,0.5024631440933082,0.10758232382304515
0.13483796103363258,-0.8318859177091034,-0.831876906296852,4.220514521228385,0.1434445364431856
-0.2776215907555601,0.2991208278479626,0.29910784626936,0.7782748082517581,-1.0686463406247995
0.09321018112404801,-0.9599486208238015,-0.9599366442603694,-0.17022029974040115,0.6035266386284643
0.5949785361976913,0.970920732146759,0.9708926655975517,0.15443483308555583,-1.4358219658417641
0.8152723120225398,0.6778554378110887,0.6778387881351771,0.5523843559205106,-1.0051324988224861
-0.011938282343671986,-0.9339619005180886,-0.9339493879793197,-0.5948368356370356,-0.2740716982242035
0.4246417999977632,0.7201271109947601,0.7201027055933223,0.40323911145874425,-1.515775943113099
0.24593310805298327,-0.9092291330926525,-0.9092174893760605,-0.5759972449548899,1.014237999943064
-0.06623928168984794,0.20344138397803976,0.20342804316882976,0.7829776505509993,-0.7578155717759376
-0.05145766674003565,-1.025669821887976,-1.0256540858127645,-0.29990962927998444,0.08407574001156798
0.09700522047087863,-0.9640213480059819,-0.9640093247710843,0.17180340975281896,-0.42316162635797283
0.10968784413849593,0.695932564398838,0.695907269320802,0.4715670748212231,-1.9602423111400469
1.9268343442858464,1.537823147703865,1.5378176381147974,-0.7125899124038287,-1.8252201230575391
0.15139013469117477,-1.0347501209180272,-1.0347364647198962,2.405555765666407,1.2556886628251651
0.23893709876216548,-0.7752250882043807,-0.775216722168488,4.8533975602981245,-0.44044253497376706
0.9168762087454492,1.0878859388367572,1.0878606194646852,-0.3956084598853957,-1.5029029985888922
1.5168106511817416,1.412138038126251,1.4121208420768583,-0.5240353962401972,-1.8743570697358631
0.10944548579526137,-0.7305710747153479,-0.7305643382832188,1.5119146228137814,-0.2515792556602371
0.47202825064606024,1.0478807131631411,1.0478487690797884,-0.28732802219792714,-1.5910610497989883
-0.11297248834389392,-0.5963150033000353,-0.5963090425374226,-0.06501249802743497,-1.5574035320699413
2.7613880145895076,2.220887401810402,2.2208959298814137,-1.2525303211271201,-1.9813735746955072
0.22216296653114484,-0.7261899867184547,-0.7261829008634518,0.00408736409991425,0.07332709082271258
1.7550774589250497,2.063953510606359,2.063924365117602,-1.1466282257142075,-1.6335436643853987
0.10209216316976621,-0.8797725251760142,-0.879762438491109,-0.05148150274124,0.04882770935304624
0.6984689211514857,1.9361396993604052,1.9360901383642348,-1.06516232913762,-1.8418200722416143
-0.003102572602398944,-0.6845051215678933,-0.6844986134895372,0.06422977952247927,-0.9830863146672443
2.4462224071119003,2.0002594035008836,2.0002607055632873,-1.117573308335343,-1.965280396646661
0.26473048095972834,-0.6956648633501956,-0.6956580151251045,3.833702565250679,-2.0442490750350735
0.30138830172656444,0.5682659925311554,0.5682437432690022,0.5900960565493856,-1.5844965715187254
0.07582056543807968,-1.0494484441087817,-1.0494344130864577,-0.028977880762111025,-0.2211563464690098
0.05738891376658967,-1.012660228683227,-1.0126468446047483,2.4821724179231426,0.8016661579322801
0.15532377552854124,-0.6304034270964561,-0.630398939884683,3.772541908311834,-1.334472810930249
0.16222756590922527,-0.9243784440506118,-0.9243672661998136,-0.4092541811324279,0.44058808076663886
0.17957348410611523,-0.9090739675069743,-0.9090630885316209,-0.05276712106406155,-0.5259343441188018
0.025029224084948752,-0.9594672716519532,-0.9594546789794227,-0.17085439033372682,-0.27295506598524655
0.1861527836366556,-0.9684069588669887,-0.9683946132559967,-0.02956771153444076,-0.5757638679377877
0.1671465506320156,-1.0469851400577044,-1.0469711643477866,-0.2704632835315195,-0.7021207920925753
0.08079680646353823,-0.6857801214395897,-0.6857743012089101,3.6376327310024124,0.9009680195433529
0.10195445670967158,-0.7647525978631757,-0.7647450491201901,0.09105728579836202,-0.46590764109623367
0.00011575169974266818,-0.7460123119223795,-0.7460044227271871,-0.24988196789990533,-0.009695701823774154
0.1627881370667291,-0.8283988342583799,-0.8283897668075678,-0.39512896074744797,-0.6807019872558566
0.19764098405131877,-0.8957933159212411,-0.8957825560377535,-0.400711231808332,-0.2995479879925778
0.1974357117688602,-0.7402007450022822,-0.7401935236611894,-0.017226819889676007,-0.17672134918044344
-0.04033575689231221,-0.491212776590749,-0.49121042968745343,4.46416024075278,0.774068562065952
0.10121427422843439,-0.6488810734528361,-0.6488760817740076,7.121573846179667,-2.133676016564555
0.09641260260737544,-1.0702111220208321,-1.0701967591212131,-0.2535548206915925,0.3886753631706799
0.13431582104712378,-0.8983013112434604,-0.8982908085028347,0.07554188819008098,-0.2236190468336228
0.1944754229477392,-1.0435577942379461,-1.043543671588431,-0.4392113476355804,-0.17271658849350097
0.18448058980024126,-0.9753410917039057,-0.9753285903900186,-0.3508934506325655,-0.14638365010513119
-0.015759769968269215,-0.906735378075266,-0.9067234321162251,-0.1440850603270431,0.8805000905371707
0.09136778788859762,-1.0085639467829897,-1.0085509681435056,-0.15557283324824447,-0.35401931067490844
0.16528354092173098,-0.7262996101971676,-0.7262929696788906,5.525114610488749,-1.4954825868391186
0.13522418782662568,-1.0760323168199832,-1.076017823208002,8.451368278063558,-1.9250766463074918
0.08457940770824841,-1.2330305132999382,-1.2330122704635509,-0.057589694846881034,-1.2714125205979907
0.07277904683416221,-1.2390455419338966,-1.2390270073032983,-0.07726125295043929,-0.9616220709704454
0.3356722863404224,-0.7274433126670722,-0.7274345865954059,7.936913206574344,1.0693828364927813
0.03741190099651386,-0.36343944721765326,-0.3634406858853604,-0.07924930148048949,-0.5672922010629435
-0.21042196663452045,-0.10803008650484965,-0.10803428392783167,0.16965371878873214,-2.2034927913060463
0.300122826135817,-0.49529777372111883,-0.495295335091014,2.0163456988725583,-0.5840865249724728
0.1329727111826877,-0.7686509932632364,-0.7686434465431558,10.397458176960596,-0.5888515887139102
0.0919058396698706,-0.8131608572514617,-0.8131522215223583,0.030852376826548962,0.7150502698869293
0.22929443573000416,-0.7988695022692622,-0.7988606948681328,1.3374947351225794,0.5159015596643658
-0.0025543318356157562,-0.8589015224294023,-0.8588910087971147,0.25348345185142307,0.4493520028339071
0.2985859998833872,-0.8043370628317321,-0.8043270579430868,-0.23061383379451894,0.6129399681459462
0.036789482979064383,-0.8944410243321189,-0.8944301156944334,-0.0821522763097086,0.41016652801860437
0.35560570676826253,-0.4946346591489047,-0.4946313398121997,2.9535484151888576,-1.314112231922294
-0.027260967558508962,-0.4734561912042362,-0.4734544221365443,-0.12167238225347086,-0.2294422627102369
0.06478021876558064,-0.24705540617583133,-0.24705943731516677,0.2813614374254991,-0.851502693829875
0.1506679913048479,-0.36246510585742675,-0.3624667246421576,-0.032603450791927245,-0.21447724777332547
0.13962786774881988,-0.19964477418083176,-0.19964995946465636,0.43875195333757566,-0.17636329489928954
0.0700102432363246,-0.5273052322169731,-0.5273030600297023,3.923941047944454,0.4921643411573704
0.05045285356343525,-1.000046363697998,-1.0000331732986407,0.8440506022446624,-1.0122450840893515
-0.11437454198959521,-0.937345226779197,-0.9373301305990015,0.8884649478250264,0.07143215379927904
0.32060372822152733,-0.8737578323983018,-0.8737456865591341,-0.3106678964983517,0.5493456339928745
0.22205192120705927,-0.742916612950394,-0.7429091515063752,-0.3608979641633865,0.09467239044679664
0.19637137439446448,-0.816193549591687,-0.8161847114253327,-0.3989087564066929,0.48236265870772327
0.15637556452485962,-0.8655304291099031,-0.8655206174451573,-0.24217087418704683,-0.4788329926602345
0.024359525892098787,-0.7222250022200092,-0.7222180053969848,0.047071820337251644,1.2596509747885114
-0.12698455150412197,-0.7095835522417708,-0.7095744211662582,-0.07676905371222403,0.2517881230795325
0.4244176987367957,-0.42412634227677093,-0.42412344189771983,0.4717890960977569,-0.1661088480851619
-0.2517643716017123,-0.3999256159259213,-0.3999215573300721,0.054736912440735315,-0.1537149707713346
0.14590632036375256,-0.22116500944148745,-0.22116980105757367,0.060675947576084806,-0.035968463919768504
0.1846740958945496,-0.5906427047699693,-0.5906390208080279,0.06440503949088287,-2.1645331621978734
0.4066935109265733,-0.6526502761502471,-0.6526418861284158,0.3435291145282815,1.3164985252408077
0.15008590607751143,-0.34666427856295057,-0.34666607302898145,0.8716644301226347,-0.47287360749009427
-0.09088933302404315,-0.36560961593717245,-0.36560964159918885,4.063840094407705,-0.5223437143617405
-0.014286124145496987,-0.9764587317291163,-0.9764450858234335,0.7722104360464845,-0.552217053863109
0.11121359022180995,-0.7403170856059161,-0.7403101303314101,0.23207974610820695,-0.5317407527089729
0.23574566127706112,-0.7697347341980117,-0.7697264018859428,-0.329330294233696,0.12068510985081089
0.05810982103637591,-0.7713211847618846,-0.7713134437443496,-0.23515181057544685,0.6148011268362928
-0.06189116738602857,-0.7320339749615048,-0.7320255936068139,0.4567456018540264,0.04691631321225157
0.3726335249913973,-0.585016799182692,-0.5850109129969614,2.7507579131230715,-0.62039850981119
-0.05055233703732471,-0.5179480980785056,-0.5179450612857011,-0.1312584376969131,0.4649851130897696
0.366214110211083,-0.16141922836465314,-0.16142374947212523,0.19480495523327088,-0.6635991891508959
0.14108660964778327,-0.1700631829598277,-0.17006894292558386,0.4840282181577561,-0.7223366990266804
-0.7726114417583935,0.052290310399431376,0.052298275551834354,0.648759926648801,-1.417755870533164
1.0236825865954378,-0.1921112051159531,-0.19209390097014842,1.959286788682805,0.12191779514602066
-0.0009577719183222336,-0.2929458184586804,-0.29294837135077173,6.421228707356646,-1.1549475916513432
0.127409566928454,-1.0636969438339845,-1.0636827272073641,-0.0709666992535511,0.08661226429131587
-0.017345681844324785,-0.13984319618631924,-0.139849276489934,5.052562141343999,-0.29994778669349453
0.3168549611791419,-0.6271033484035371,-0.6270973232197937,-0.04176979497855909,0.056832205923533254
-0.09315693496212707,-0.8266626813704314,-0.8266511452338395,-0.2276188235877803,0.9268021113987969
0.3251600024991429,-0.6960220352726686,-0.6960141938712394,-0.1955912921144511,0.14302857290349655
0.012337189774912709,-0.6964183456430154,-0.6964118387374297,0.9501812739985057,1.300544585208036
0.4848569861097927,-0.3044534177502317,-0.3044523089773828,0.9272953835183126,-0.5518465852478376
-0.09871133487794347,-0.17105194374821825,-0.17105633811696874,0.03832628623140553,-0.005512811705624531
0.2159649550976886,-0.26445670043484915,-0.2644601617164864,0.019890317610954906,-0.38261429199872937
-0.04596870406415845,-0.19591551598628515,-0.1959198894124125,-0.17022296258534567,-0.09365688157839129
-0.0777701665935199,-0.11463722970060589,-0.11464315951584651,0.030223152462419686,-0.6216452465723875
0.28901739100314955,-0.5377998890704179,-0.5377964065144006,2.102357632779806,-0.7269409287173487
0.06834779984614983,-0.8382562598609733,-0.8382470158458435,-0.12383984539521672,-0.26971796699961603
0.04453127061479501,-0.839844591219824,-0.8398349980806231,-0.430051346728758,0.0008242075936411989
0.4688928230888549,-0.6719523376386138,-0.6719417230044127,-0.47179993584813507,0.16623781779414473
0.03179643384612183,-0.6765974534257404,-0.6765915707088581,-0.4239361551294934,1.6513273677860316
-0.18047095517913772,-0.8542451218724083,-0.854230324374469,-0.20248088981026854,1.2057194382795935
0.354980467737961,-0.5101978793445041,-0.5101940314232435,1.6277955854086503,0.6714628581888037
0.22565222090759807,-0.2966790173665141,-0.29668175511023387,0.4847142440925269,-0.5900516203096466
-0.1682315959786857,-0.387286942359317,-0.38728504831205496,-0.07160219317584503,-0.055200350606182516
0.05687584846551451,-0.3119521473271862,-0.31195472123881685,-0.03767346791612136,-0.18249233021756645
0.20877489089733486,-0.4597609586683707,-0.4597600344790135,1.5867155150736694,-0.0596443922838004
0.18086056865530944,-0.9247400940563655,-0.9247287289655668,0.6364740670155556,0.10378686118033838
-0.059639814481972496,-0.5725012729063085,-0.5724966529074015,1.1465619491929877,-0.9835636818544699
0.257774478760267,-0.46848121980264934,-0.4684797415650555,0.006471793435943015,1.1108468570152477
0.25008602878389735,-0.14857599595378398,-0.1485818801662309,0.24538247237199337,0.015502705136878545
0.27125879709436057,-0.5219679838779733,-0.5219653046186784,1.7498239612173752,0.8428281886112065
-0.24826020176094307,-0.43068458480310134,-0.4306797459685154,-0.13547427782587804,-0.32549645702374846
0.22511977781278641,-0.23099296925609347,-0.23099718195105773,0.08767462196260364,0.13236043023433117
0.013503160548696682,-0.2844871669496634,-0.2844899097770444,0.18799655121117534,-0.27238701336760535
0.5341010378173698,0.021080935905873077,0.02107473494836291,0.4663070530540268,-0.6619824123895639
-0.2766833321391942,-0.557876927651352,-0.5578677998143232,11.578744177261179,-3.78856848067148
0.2723576482787227,-0.05959495861687911,-0.059602840859281095,1.345222552348329,-0.1623400354541422
0.5701155855881084,-0.3942095217413696,-0.39420388986445826,0.04710602062551451,-0.06617354698965694
-0.2599249975801451,-0.5323115502015253,-0.5323036233413553,0.08527041691153914,-0.679373034589588
-0.13027537070744719,-0.4920922721470892,-0.4920884725406359,0.03728381269356406,-0.21553758120582564
0.38226979714717013,-0.3271174450424577,-0.3271176185519611,1.8304241068563745,-0.8223946198781387
0.07025932841293275,-0.5186979083430352,-0.5186958398697717,0.048495818615408776,0.011149413879256458
0.08041461564234145,-0.457081811003161,-0.4570811260921922,-0.019863810084748457,0.46749271508914597
0.05318232198388662,-0.562747649274163,-0.5627445916833917,0.2447268350128113,-0.4501220151910045
0.4581899618775189,-0.21782391150571662,-0.2178254644374654,0.22279071677663595,-0.8144438040687751
-0.056991673297488804,-0.6410947613675916,-0.6410886906918037,2.950587161418278,-0.8078983896644378
-0.019864056437613818,-0.41411872176094106,-0.41411846420926834,-0.12358495097337364,-0.399165465894533
0.18298341673028287,-0.4549609011997301,-0.4549600847935466,0.13208429065103747,0.1649184245637014
0.09419978217432133,-0.3963646441010654,-0.3963653225673048,0.07036570155006,0.06344091752563868
0.1301772451665624,-0.36634930573348745,-0.3663507477405684,0.2902941423713555,1.1465745375645087
0.04474931439180197,-0.46700757215661864,-0.4670064852477511,0.7685476686426126,-0.9862739781394301
0.08006525115251406,-0.45914647608058556,-0.45914583436812756,1.3124073158448117,0.31908406428898994
0.23186389630148682,-0.24589898594940932,-0.2459028639363419,0.07802351117586015,-0.18791569143520442
0.37030685617330555,-0.28433303132313986,-0.2843345237764047,-0.1512467368563609,0.16760650017890738
-0.14039558505343339,-0.3771628916781875,-0.3771619414392554,0.17699208179366713,-0.40327008874880155
0.3782047278855834,-0.28831754026468953,-0.28831885368790855,0.004299404879388248,0.3495586439424825
-0.342339728873187,-0.5737234313952919,-0.5737117087406457,1.337268468315621,0.5229863867557129
0.32674906365136425,-0.7467711231343034,-0.7467620078450035,0.5717067573501353,-0.06706038836907961
0.18649374150818385,-0.2882528767421154,-0.2882559828104163,-0.09985818798105722,0.5730297803949108
-0.07117552075306433,-0.2379787791740703,-0.23798220808817155,0.18470963047574818,-0.7514465720048265
0.29644768239975594,-0.6988074030732978,-0.6988002156048994,0.3825005486695771,1.0607974868565626
-0.022756333203428868,-0.7503320501783265,-0.7503237953063527,1.1280263930893915,0.12409766931332027
0.24739476200657712,-0.5002268895499108,-0.5002246984773018,1.3683930908294641,-1.2558694532412058
-0.020648831438370638,-0.7301723461800296,-0.7301645439853193,4.168090835990777,-0.9870143767939841
0.26891981840200535,-0.5429735978080046,-0.5429702677576028,1.4890791251859332,-0.41762007497112513
-0.2598678387306481,-0.5474004518160271,-0.5473921861412252,6.5270723065953415,-0.3305794212137656
0.6853823758877609,-0.3132852727198667,-0.31327823381371805,-0.05393122483285288,0.1422076043330957
0.04877158632386584,-0.03847846734481625,-0.03848709242768156,-0.09795898108221004,0.10435454257184024
-0.12506888887123221,-0.706684082879148,-0.7066750169099414,0.14995413525569087,0.5942707039192558
0.34251868962602416,0.2727735770573162,0.2727588585435934,2.8773300857362134,-0.882579995697201
0.027446647451048328,-0.40194012647060146,-0.4019405901821883,7.680611111440899,-2.3177243408737453
0.3958801685937222,-0.28582387480896865,-0.28582506510703676,1.1105240129307077,-0.4186623181903876
-0.35315140937301254,-0.39771514445687534,-0.3977082695872427,1.936648838330007,-1.1421889097451416
0.8871060908923689,-0.0122641260659426,-0.012259010235553907,0.5940841070043184,-1.4992742018529641
-0.06938892715182764,-0.3937437115185055,-0.3937432845611211,0.28452407571744354,1.0820448250869659
-0.20572728833726864,-0.7917673069668186,-0.7917535541420436,4.913149526557044,1.0640557413656255
0.2070967575465884,-0.40368407122345845,-0.4036844957755349,-0.08397204684759493,0.4535900186903636
0.5620455192513409,-0.18070516875320922,-0.18070558485755805,0.3332732945402911,0.04611309401834164
-0.1926727897795431,-0.21020785614680643,-0.21021002789199253,0.15407170488011113,-0.6873664288203152
0.18617866514729464,-0.2046081921275543,-0.20461317640036308,-0.10646484791182817,-0.6347060742513566
-0.061929163864588646,-0.4955921629159956,-0.4955894489965476,2.4767273267013894,-1.415700024134593
0.010462088177721277,-0.5227659783186037,-0.5227634602600046,-0.17076810366433792,0.3535541804448282
0.46186242821592766,-0.548315861600279,-0.5483087396458631,3.4268632197483773,-0.3553359548555018
-0.1871658854619268,-0.7664153101853198,-0.7664029774451713,-0.06307170299126613,-0.8721282297078703
0.2946701673307886,-0.6608787541786332,-0.6608723288216656,0.22837520962353794,-0.002131522385753991
-0.007012804162207633,-0.6616207725782542,-0.6616148679175179,0.1602076767326179,-0.5778090511014377
0.2355152922384478,-0.504265225052495,-0.5042631224201523,5.156034391509034,-0.5463531817457999
0.034826632494831124,-0.35646734023451554,-0.35646873545781044,-0.0019532801095960258,0.10520166104228852
0.058221199752889426,-0.2871550298450057,-0.2871582501246291,-0.19812608057016143,-0.9729066567006224
0.03654644502818819,-0.35916234031453914,-0.35916367502279567,-0.013289962279041697,-0.4665326259973664
0.33886372382552676,-0.03311623130110973,-0.03312390207476623,2.6588975608295145,-2.4587767882380014
0.13485868970784165,-0.22123262849902683,-0.2212375081564115,0.35368977283554665,-0.2525656656702489
0.25783756686586756,-0.6295144380035608,-0.6295092542764092,1.6232879944499676,-0.4450509753763458
-0.22155216513091466,-0.7035474542259763,-0.7035358614584012,-0.1685398613099558,0.008816331438391629
0.8621839297875785,-0.23005445256211296,-0.23004328207047356,2.364820868391806,-0.6354232560945432
-0.37781567861198206,-0.5463912709678763,-0.5463789977693307,0.3972949130035776,-0.2451680906489664
0.30782866380958385,-0.40932529185555594,-0.40932478369961983,0.07989713917220127,0.1643395594887876
0.10658223084030115,-0.49574396993921316,-0.4957426855654782,-0.06719156331245013,0.12913767138629192
-0.14641006651984903,-0.5142526046318959,-0.5142480387459852,-0.07285627342445149,0.6218783472120456
0.24493062266764745,-0.4740210566292705,-0.4740195435567383,1.4721639873112742,-0.28613248256540974
0.1150747374402714,-0.7569978562650606,-0.7569905712110325,4.1627524740352,-0.3339253812575031
-0.024784836350400928,-0.5388799131960702,-0.5388765855078966,1.0039863287389774,-0.2718203301482781
0.327361746609917,-0.46418852916971814,-0.4641864308453632,0.78635013655754,-0.5686979733785666
-0.07707794133076767,-0.1892957445956772,-0.18929999798688832,-0.10389053652801164,-0.5637121133094638
0.29437940810068414,-0.37724439279389727,-0.37724478411971174,-0.2131607546346038,-0.14004085516302717
0.17147179677983335,-0.4617251355569752,-0.46172434638220117,0.25714903821354096,-1.0285988620737716
0.254541362092552,-0.2219038036211463,-0.22190813084966227,0.3523624249844114,-0.7298713350610291
-0.30372615631627625,-0.16247247355228656,-0.1624735677427296,0.5611241625054837,-0.6643995614610495
0.21778202589595605,-0.3505594945238819,-0.3505611119649016,1.9904854515541683,0.5063833236880796
0.2220420630494199,-0.4381616404569769,-0.4381610221514763,-0.03585421071061444,-0.06902238893554619
0.028187732656398186,0.1934077905791815,0.19339395859265032,1.0373909264024042,-1.5669021717937746
0.07790061105441597,-0.3254269686039729,-0.3254293295040884,-0.03530629513738536,0.4276812435839579
0.24769146075101373,-0.45258733793759903,-0.4525863061497683,-0.19399396633369084,0.11086905174522836
0.2051786226806174,-0.5267302463237243,-0.526727907928199,1.1191895386006054,0.4473004528645276
0.3136765106113855,-0.44852061138701477,-0.448518954438499,0.22253897141910733,-0.2556701653091164
-0.1591231712313328,-0.2453954702653213,-0.24539738924607649,0.05145778105916608,-0.507135667744975
0.04980196896175137,-0.07483083092465533,-0.07483863973122691,0.587365618673746,-1.7046244265226689
0.3537495213445227,-0.23080417326497685,-0.23080713636410818,0.011891872691303861,-0.8664431678968212
-0.09823492222748795,-0.4599364995329763,-0.45993404888779904,1.3382528949631431,-0.9337254821442732
0.16663326221446942,-0.6356458296315697,-0.6356412247039593,-0.015106252524001556,0.6594033849247334
0.492555745605858,0.31776040169577463,0.3177462850965245,1.5396673429410355,-2.657047841077511
0.19577371461162751,-0.29861363890546555,-0.2986164227677664,0.02023836226260097,1.11723141669279
-0.259465716171373,-0.44421556124422873,-0.44421014989857,0.8050006994022793,-0.934836205342068
0.37314288707196486,-0.32710132394264696,-0.3271017664931062,0.019970669512034016,-0.08498985194693118
0.2036895177074159,-0.0493265345307781,-0.04933482646542393,-0.27274958975350194,0.40339081368866314
0.08862845874594974,-0.2676579030489292,-0.2676615611279371,-0.01910826887531073,-0.1491526054153205
0.03833976802735561,-0.07530676161573391,-0.0753145597354917,0.17821376932830543,-0.8989325431149076
0.22170917327464854,-0.3981323226953104,-0.39813269279014274,1.2829692905932262,0.8495394893133881
0.14392118003115234,-0.7983544779111427,-0.7983462194325854,0.3221754806322634,-0.4353690441166356
-0.30215118997008666,-0.1402595683697638,-0.14026116134119743,-0.04512595676415883,-0.3468269778675895
0.34089187819272804,-0.1957572605231433,-0.19576118970455453,0.12958824164685825,0.311434482447511
-0.03886669649770315,-0.3656212589537024,-0.36562191127186183,0.6650621554974759,-1.0267598912584899
0.21915303814205614,-0.18892925825998025,-0.18893432591737136,1.2068871689791945,-0.48421376689045115
0.15968028362787406,-0.3118252384470096,-0.3118278152083232,0.2001533655357964,0.12463884621601687
0.252539407241075,-0.3263238391234424,-0.32632573208645316,0.004448048093766037,-0.46553847274096793
-0.12786870822309965,-0.2943470107172284,-0.29434818875134733,0.18260893445242676,-0.02369633301603725
0.20820647219498806,-0.25736923802639916,-0.257372948013534,2.521759867580989,-0.7256778236080419
0.26410246194948894,-0.7041871932034649,-0.7041801536132151,-0.09879404130923085,-0.20481199191214114
-0.3677593319969665,-0.49642580289954086,-0.4964155472500926,0.14051848459141952,-0.6299774521712596
0.3735647464629758,-0.31850573264690457,-0.31850627864792136,-0.15869601489969246,0.5898304343649894
-0.024068175987235613,-0.40293685824723174,-0.4029366726600643,0.37845560527861455,-0.24784726513576424
0.6488834345647526,-0.45246732530567485,-0.45245734024722006,0.6458910684634059,0.2437906845365627
-0.0865713573957123,-0.3558089724305791,-0.355809128602069,2.378479490224382,-1.2073686291542058
0.10298271589424665,-0.27892610400829143,-0.27892950906481573,0.019652814705627908,-0.5145263816841394
0.18482154767176953,-0.2769095335453021,-0.2769128047637178,-0.03048807401962643,0.5894893457155431
0.14880655110353183,0.0008470748484468996,0.0008374771682186326,-0.1006411940211306,-0.5158052233328557
-0.06032295095422681,-0.1955923774967459,-0.19559693729811464,0.0578541676184764,-0.8213762827189046
0.1779738980113986,-0.18226076532327767,-0.1822662513977007,0.8414533056885403,-0.6188596961595222
0.2110335374018921,-0.2784314549290993,-0.27843469197344145,1.1058595449490611,-1.1322942526212754
-0.08680598359917509,-0.4851612739684688,-0.4851584360314142,0.07947847831365493,0.05842231348756311
0.39213835663029567,-0.31999021725447463,-0.31999046124308056,0.13641386139190992,-0.021221529331527985
-0.04381470174906975,-0.29550432656030656,-0.29550655332326314,0.1908667091589769,-0.4774972544588837
0.09755906992412314,-0.4780788270132933,-0.47807758106393466,0.3135792649704943,-0.644796091364491
0.059765099053906444,-0.44750050401565894,-0.4474999446890589,1.099181621036537,-0.26149731061404125
0.2867294982889879,-0.13862641139727266,-0.13863225034428966,0.37132689743400876,-0.3879431596921715
-0.1828096056081793,-0.4018001415872451,-0.40179765297353065,0.3149367551243494,0.5621043846928971
0.34663016711358435,-0.6606322804748606,-0.6606250546154602,-0.03395632772759983,-0.15761533783054454
-0.10418496150213404,-0.40691214233722306,-0.4069109718902588,0.9025399537170561,0.36667164902203303
0.5998189839226803,0.513756255111176,0.5137391704659391,0.9893168815291827,-1.8161848427958265
0.3852517205723093,-0.6386804475476057,-0.6386729085700427,2.0801976700806586,0.5022292172637923
-0.10421891623864425,-0.7611865658042126,-0.761176589464577,0.9242108289149381,0.047318350294474676
0.09255537787905692,-0.10102699118540912,-0.10103439088806296,0.3402256124342614,-0.6684836341094267
0.23714278071482842,-0.3177865524720154,-0.3177888162553423,0.8640004940284273,-1.6560239601446614
-0.06609966719924247,-0.48744097660503527,-0.48743835615722686,1.0728998089203516,0.8938769825956941
0.09397994577187475,-0.09975826063030578,-0.09976568882174477,0.12894955320926543,-1.106384114492745
0.025310576519470166,-0.2718755410060749,-0.2718788357009187,0.05896889468997438,-0.6562152250262504
0.349221703392913,0.20365794408549703,0.20364477753283441,1.0568065246843903,-1.7948556685974986
0.2574959268221405,-0.1117499407245067,-0.11175674140943899,0.17634486920633652,-0.35707772829857304
0.283475752323653,-0.39399340944224037,-0.3939934246762719,0.8742003402623192,-0.15093751051342505
-0.33073274843010936,0.15071249071715068,0.15070391629816868,0.6363125104158329,-2.301563164659286
0.5303159976788212,0.03171011438107166,0.031703674750046026,1.047985817450408,-2.384628901008855
-0.03731237996559062,-0.4426861166805199,-0.44268485942197355,0.24566419193919475,0.38808994787128326
0.3362807018758971,-0.4571715517921073,-0.45716943191157594,0.9950237132002516,-0.741050091903789
-0.08243805039779144,-0.2956378630037387,-0.295639549410266,1.6220106703022936,-1.2362791716093442
-0.4711002340442876,0.17152787566941563,0.17152205799770726,0.1251414820638563,-1.4378924984981678
0.655213541207285,-0.4472603891901449,-0.4472503419318354,1.8357569511485354,-0.7686509804551477
0.4826153580064048,-0.18113228833652759,-0.1811343964835309,0.11578879226008089,-1.1958820618392496
-0.10686053318976828,-0.3480271384286153,-0.3480272902184471,0.7645095448000238,-1.3008876365447974
0.026746020699111254,-0.5019378756098214,-0.5019360043563932,0.7872733758449846,0.02770094118495654
0.17415420557679812,-0.6673372250094685,-0.6673318189058953,0.1968773558677221,0.04989125190324332
0.39115379237024184,-0.31908895821339,-0.31908922243937027,0.3913460076404065,-0.8557362255763856
-0.1052255356900869,-0.15317946556639947,-0.15318435081342077,0.2848943262870565,-1.366791896920169
0.35783633805064163,-0.3492108749630499,-0.3492110001725998,0.0011750344879073765,-1.1981350258288115
-0.3751365165443543,-0.39270748304733893,-0.39270009370495323,2.0358736858277755,-1.5224980729231519
0.31975842967230816,-0.3343570727207877,-0.33435806882384406,-0.19530621201853518,-0.28805490167264336
0.27067940208746216,-0.2762524196046842,-0.27625516822037643,0.14437609138301544,0.09214371026547875
0.00741193727447652,-0.27179663717866803,-0.27179984408560787,0.23770229138827134,-0.9736892992297458
0.025803248462182092,-0.227908196807313,-0.22791247876948229,0.7004060555442385,-1.2837751051124877
0.16679225706336853,-1.1179798663357936,-1.117964296470604,-0.15820265572719686,-0.6172175721432349
0.5974209383503172,-0.799643673306839,-0.7996237431248765,5.054229879197046,3.815481150094958
-0.433396689458765,-0.37430130690011987,-0.37429245010755735,0.42127023004691716,-1.4130159800547268
0.01615744641208358,-0.23025847403638414,-0.23026270322411466,0.059572875308238946,-0.10783505718568688
0.44181169468635617,-0.4046737276285052,-0.40467099537037426,0.1422041566194382,1.046519329847496
-0.21651744707359008,-0.31877405939708736,-0.3187729872991635,0.1309741055035188,-0.9114298290078866
0.4213393274468018,-0.3689431906930316,-0.3689418876659332,0.2266713510346837,-0.6156501720372529
-0.024085430327661653,-0.40021221325588957,-0.40021208884942383,0.6484045435692478,-0.16144038564593113
0.14375210134358568,-0.152349139364482,-0.15235547621058476,0.5574031946613204,-0.8766507591389289
0.585451267978522,-0.3418655645192942,-0.34186092888355085,0.045547907677812624,0.14735300820647645
-0.34462673937969307,-0.3718169558576229,-0.37181111031866765,0.43839152922901686,-0.2982547085552624
0.5045292320386751,-0.09802183905736046,-0.09802536561458007,0.5978133272273868,-0.9569435351344995
-0.4205293009898451,-0.2839768445789887,-0.28397109069825144,0.4858316423144822,-0.9183581300367967
0.2890772169920703,-0.46002597163692577,-0.46002423545992827,0.8683634199398478,-0.9582710071664813
0.31207604230901337,-0.7043183114819254,-0.704310552470236,0.24071512111863733,0.31623089195081117
0.06337862161104997,-0.2017790286724393,-0.20178398691321134,0.5432375036244764,0.2686756125559344
-0.03790051498321618,-0.37090862144495473,-0.3709090654780664,0.3168324535624591,0.0885718544377532
0.06350467472350846,-0.5412060983370909,-0.5412033453330376,1.1062670684429576,0.7496130920879674
0.24552906720496873,-0.319013099482614,-0.3190152461647141,0.1285654850345181,0.16666321584547047
0.22353004987570915,-0.27512725639956187,-0.27513047807857044,0.8306113393523442,-0.49074609411265374
-0.19325644195129102,-0.19210851826598463,-0.19211109642382151,0.11248337119886621,-1.5437053146515807
0.500339320135599,-0.49847783978211374,-0.49847121000091865,0.11216955270923915,-0.08200384933182629
-0.0964358956532451,-0.564051129755525,-0.5640461621429288,2.376237806350676,-1.0371763999954657
0.3349924940506763,-0.7150448434876476,-0.7150363062584848,-0.028804571018818198,0.03472760227096158
0.10833296936818818,-0.3413967091997992,-0.3413987115064318,2.5052494473125377,-1.093933188633933
0.15066619867940828,-0.27442598855779576,-0.27442949466242805,0.3116012230233762,-0.864464309811969
-0.24121308597547456,-0.18978519909826363,-0.18978693382866244,0.6030103784355488,-0.2683726554573407
0.764559856446981,-0.25313538940777713,-0.2531275517090245,0.41589948162703033,-0.666135553936071
-0.4416223115733092,-0.5528290530539545,-0.5528139485082145,0.48070042822781567,-1.0049715674752455
0.07699381442502196,-0.30867804151729544,-0.30868068894752826,0.7386330596294403,-1.2920839956882053
0.3807858418047022,0.2708938568193867,0.27087935963326204,1.458326010213688,-0.8457109910479529
0.21220622731537822,-0.22413523251994621,-0.2241395992023648,-0.10313513009828817,-0.8222736395596408
-0.15630595392383959,-0.3083436182578887,-0.3083439446464301,1.4771800899793408,0.7790103732002598
0.21314439360768714,-0.8061053683576364,-0.8060965328178067,4.420633024716639,-0.5560517655318099
0.15054821366370666,-0.27212165646318515,-0.2721252143105785,0.22940394741942657,-1.4923859265393629
0.24570016419900317,-0.20983357794620097,-0.20983808664665726,0.5156838870957826,0.5685225223702219
-0.2622404438961999,-0.1465013895314761,-0.14650382750176802,0.08726555053650706,-0.9580024503144583
0.3216397067230885,-0.15857358556306494,-0.1585785288068095,0.8084452138647078,-0.3049814758057636
0.10606939122025415,-0.39349401359477065,-0.39349475651975213,0.46805225958365454,-0.7342613894310664
0.06573217211706468,-0.28574201544659644,-0.2857450883355259,0.19267347729210849,0.15957964322886511
-0.08635074393245283,-0.37354621249731906,-0.37354614950621406,-0.11338188657669535,-0.12936985515993696
0.1667195390457139,-0.17292226001125813,-0.17292813489700898,0.5685563786569432,0.35268725103860743
0.288999459619639,-0.19477297781803346,-0.19477737689935157,0.713618249570541,-0.42575714550783006
0.03711923373589856,-0.605959899070124,-0.6059556024883754,1.3050583963825935,-0.3084489403949998
0.28190362750677256,-0.876521794960849,-0.8765103035353572,-0.21383970157655027,0.32609712120920753
0.36082665270673714,-0.3665698065542318,-0.3665694524169731,0.35472845650280577,-0.308805093990636
-0.5274364556771378,-0.33463068360924175,-0.3346194934554679,0.12494850205939341,-0.6202711174705001
0.44318908755061615,-0.2638874464881996,-0.2638883233222014,1.568058529212607,0.6533284579266821
0.22606747399942098,-0.5193207201657225,-0.5193183690285306,0.8984070487518115,1.279164365535933
0.0827531506663118,-0.30671511849200955,-0.30671789955846784,0.045532624255600215,-0.5993977989942948
0.1690038465089963,-0.328274492200539,-0.32827678916076786,0.005100175447811783,-0.04055504561145961
-0.09611341798045496,0.04138850621410047,0.041379162469417724,0.1402360932798776,-1.088101335146949
0.3043935113305188,-0.288214813034229,-0.2882170243606882,-0.10022962720251327,-0.607839449751718
0.0016213313880001886,-0.5044812477899586,-0.5044790507472661,1.7736645852054123,0.4394935067551824
0.05607011590382404,-0.4058785111543593,-0.40587897599090933,3.4072290107030794,-0.8290494193902341
0.3994839458337405,-0.3109871203801836,-0.31098756652935966,1.1343984927738489,-0.5479541118559693
-0.010783636654210456,-0.4349358979465183,-0.43493517295433415,0.010562851297903002,0.2360363073617353
0.04831756738634138,-0.42804242610579063,-0.42804239326140414,0.8012751670266433,-1.8249962431325872
0.2586546142536519,-0.3484770962366655,-0.34847840219840226,0.8137960747748344,-0.10564098581963377
0.01261507492818323,-0.29586096111278587,-0.295863538106289,-0.1348167315646876,-0.4213633005942551
-0.015296221136419076,-0.3102639994920074,-0.31026616351198055,0.03350514892361364,-0.6010044126378384
0.3112909185284857,-0.28753136796392026,-0.28753359463683714,-0.1326123387899556,-0.26402789478757527
0.6117637883484632,-0.0691206478100342,-0.06912267389904944,1.0760743406326498,-0.6301584700368706
-0.4397375467248209,-0.21142446181252178,-0.21142033706354582,1.3134254394228504,-2.1632637197697
0.30216152596197066,-0.8636666060676202,-0.8636551346207626,0.04456817057620583,-0.4210774412972278
0.44571082684287056,-0.557049288299403,-0.557042507597669,2.1894437033091387,-1.9137858232556313
0.13130399168005638,-0.0632515823006119,-0.06325974067375974,1.5141735514502639,-2.3029150570944203
-0.1765064986231982,-0.20380491354865257,-0.2038074081884003,0.7629481562142463,-2.831212930853247
0.20821980789210687,-0.45187191935266574,-0.45187126186786203,2.3510483711193997,-0.718441174077289
-0.1540943824301118,-0.24064252223279423,-0.24064454793890155,0.5908813291462007,-0.8999428096084119
0.27863867955585786,-0.663768461319704,-0.6637622397546004,0.3787925913376999,-1.0435452128273275
0.16161376993287455,-0.0497403094259198,-0.04974886074839646,0.2119650266382588,-0.29192600996810136
0.022015387310781395,-0.298600742025617,-0.2986032574985479,1.2162132642474024,-0.8369686265995304
0.058178510134766374,-0.611989817330991,-0.6119855644693961,0.3226714377423926,0.9022202884085593
0.3930568168655544,-0.39243503646053784,-0.3924335641730202,0.6417523717429768,0.443412229645244
-0.10972602572083161,-0.4535091066001095,-0.4535066211598972,0.818656084557835,-1.4233514766991804
0.16992465074947935,-0.40907469831516496,-0.40907509138274173,0.006746633559115093,-0.6530512371998519
0.24075899092785283,-0.3988159468889504,-0.39881621207364837,0.6317250372767402,-2.0814616976632228
-0.10052449729113226,-0.23293036720667903,-0.23293337212271753,0.5805459454032526,0.4774732092067261
0.20216410373425125,-0.21462145502831792,-0.21462621445772387,-0.10596197154258236,-0.38577713970582056
0.15187865974499415,-0.2061597584226701,-0.20616479741539645,2.0433794110937993,-1.1696475405679059
-0.016567287461727895,-0.4250090620530732,-0.42500847040395706,3.1342822011970983,-1.1082153641383174
0.27183416061743776,-0.738976168348327,-0.7389682580273268,3.044610367039108,0.3709009919137589
0.03005040128058346,-0.9037566914194066,-0.9037454840428701,2.894754374573419,0.3615881473785611
0.06112815091464945,-0.6614762200499514,-0.6614708559930057,-0.17015554045075656,0.7079925417021621
0.14389518567999918,-0.6283226409192209,-0.6283181108709291,-0.19984282397960798,0.924765120116163
0.21690402411411014,-0.6104052027812633,-0.6104008959418347,-0.20162831014960053,1.1509081068552547
0.10347045619358175,-0.6108042000015785,-0.6108001528818069,-0.09496831693507277,0.629384680271842
0.11523989556111298,-0.6089291369702611,-0.6089250423945485,-0.10489262483278793,0.30619209060261593
0.11530790761641896,-0.5882314360466143,-0.5882278062286488,-0.18340757662508145,0.8852188477166975
0.14914672678513294,-0.5677608635069674,-0.5677577829063359,-0.23543734961072052,1.0394486044994635
0.2061906328311646,-0.509784641819356,-0.5097825943702529,-0.24220459639013242,1.3191312200438698
0.18411789474240933,-0.47487207157594513,-0.4748708976328657,-0.26649820041455147,1.8308803827782572
0.05680167121484822,-0.5169280802688154,-0.5169258724169519,-0.21438468144490527,1.9743760732041842
0.17783596587027578,-0.7734316606312713,-0.7734238274441041,-0.2711961548561019,0.15970239963953153
-0.10206737589840827,-0.5354730769977379,-0.5354688406523688,-0.15910313530888648,1.5589786004183233
0.09508428254395554,-0.5467934924081538,-0.546790882620594,-0.19393777653808036,0.6063293098543531
0.17983063225036597,-0.7586992592267504,-0.7586918464088145,-0.05413351554347632,-0.009716239124625672
0.25708482831288154,-0.5413284395723211,-0.5413254151421857,-0.20803393749374385,0.6783422488989821
0.09599701868768169,-0.7430419097205896,-0.743034803701705,-0.02368835307999131,0.28199970690896653
0.15578910929215958,-0.7541647968774913,-0.754157485878908,-0.2190986538678478,0.6850897911528049
0.12208710027082044,-0.49866341155326815,-0.4986617929457955,-0.20424000017925087,1.1048451618385173
0.16622272021410947,-0.7740328433117126,-0.7740251309647351,-0.20350879455915047,0.7981401842286509
-0.011921705046330439,-0.4862451492457426,-0.48624318256729204,-0.1955682312856339,0.7953837705367337
-0.05049517818782774,-0.5412212342585798,-0.5412175853181106,1.4956436291647424,1.5328896814325383
0.11799435174404074,-0.5331343532235311,-0.5331320501459186,-0.18276420284387881,0.7009901013943084
0.26931478071775056,-0.5576887585918947,-0.5576851876787011,-0.19364539355980967,0.6109816440732743
0.0942902033299012,-0.4847728450246962,-0.4847717174430786,1.1298768170918887,1.6836083371143002
0.08093574391105922,-0.5254744126484695,-0.5254721920117902,-0.19109622125242595,0.702043322609765
0.249929385633894,-0.4640463052447214,-0.4640450161508329,0.4768946228156712,1.1893135646482207
0.16342546285482312,-0.3195783231543109,-0.31958081538318084,-0.00408504377097189,1.0177900817444743
0.033002729716347406,-0.5119074324177648,-0.5119052477426803,-0.20638393100529226,0.936273044056948
0.25694375715382156,-0.2901291936367515,-0.2901317202152566,-0.018898829971149233,1.170699752490639
0.14299085230773645,-0.5361710310578762,-0.5361685702333475,-0.16550108297712965,1.0679246694489362
0.12879940061967643,-0.5430881471783263,-0.5430856205926599,-0.1420088415572437,1.2588863089380569
0.03502014371825374,-0.8247267611873285,-0.8247174627325071,-0.19521845707169208,0.146541233145674
0.20255010548735547,-0.5400382142174701,-0.5400355769973942,-0.1772661783370706,1.2123850664872846
0.1915721698773725,-0.8288536283963733,-0.8288445059535322,-0.22014844573478587,0.30093129718575884
0.08850654995782663,-0.5026507864681174,-0.5026491678855539,-0.13749337521138613,0.743297452016113
0.20580888824290985,-0.4896486716624472,-0.48964707635767435,1.005016697465175,1.2180732591456194
0.15967221553111718,-0.25185250810950666,-0.2518564315320336,-0.011423016772590383,0.9369234639020191
0.14818211221505742,-0.5029286067548555,-0.5029269819339599,-0.15823970913927876,0.5157727371620215
-0.0658074513006835,-0.27602511209735314,-0.27602750757851696,-0.03136572435819138,0.669236444122764
0.045239632071061,-0.5555460853037194,-0.5555429207419278,-0.23453651920020593,0.6126680153292644
-0.031830587791471916,-0.5697548644302218,-0.5697508434586332,-0.2270813634362833,0.8796151971917964
0.09513750479824531,-0.19961692050282548,-0.1996221064120921,0.12838843316355017,0.515933658995077
0.258392639612867,-0.5226122009387426,-0.5226094176541832,-0.18467826375312027,1.2116629541879327
0.3698229139830922,-0.0967202393709764,-0.09672630282537031,-0.06131159927812698,0.3727292894110862
-0.1019358448919025,-0.0718874763458811,-0.07189427652832724,-0.11959360573226817,0.46327913776691
0.10771491622698798,-0.46728539244335665,-0.46728456797512075,-0.1962419856706263,0.9142310484723367
0.016562943928552648,-0.48724492611900383,-0.4872432056699681,-0.20417829499935206,0.7295715772584387
0.001801619754818064,-0.010908072886864562,-0.010917048371815959,-0.131087901012455,1.4579786949605569
0.4861880938468219,0.20790406265230832,0.20789241282870757,-0.3493069997510784,2.1107756681723555
0.19883350312059775,-0.539489111645584,-0.5394864867553643,-0.24698176783117576,0.9932301097810631
0.19676286942895876,-0.5575659695483365,-0.5575629387502439,-0.30460024097566696,0.8666401827457405
0.014311580766268022,-0.49488605874428626,-0.4948842562766415,-0.265161415004544,0.8177474991079388
0.059940001850734025,-0.47129050056799776,-0.4712893174878614,-0.24006346406770582,1.2580168910284697
0.2845600368234699,-0.5362642647517816,-0.5362609062371858,-0.21183417346689817,1.3268799394294115
0.2399817146921682,-0.5747687055946856,-0.5747649302781229,-0.25281651407865535,1.2325128128235998
-0.039952437665974595,-0.604411198748308,-0.6044061309050512,-0.26036337370473966,1.1115422625787466
-0.0020803709017843883,-0.6417579655014714,-0.6417524172916543,-0.27830140362491795,0.7376386287806503
0.12767791994341135,-0.6492444251302365,-0.6492395148521608,-0.2765158729234184,0.6360034882212546
0.0855015557766719,-0.6656223877979364,-0.6656170202002767,-0.24223414392821932,0.840168409872757
0.24838570688479086,-0.641063504346292,-0.6410580612899486,-0.059996487433136285,1.1180726531670289
0.20750595315445078,-0.48952032979562077,-0.48951873737270796,0.12663689486594268,0.9041466664741025
0.08757947281058345,-0.444256222240418,-0.44425582532238916,0.0016301376417904832,0.6157934113331807
0.026988935551244812,-0.5842709296314496,-0.5842671200659455,-0.03966237671734511,0.50815302164818
-0.0425075674921688,-0.6798858891021295,-0.6798790369483287,-0.24288222750803987,0.9477237322239825
0.17870152955000126,-0.6403409208281095,-0.6403360313549875,0.0038914017204191207,1.1952747337164222
0.21063745181012034,-0.6055769333879539,-0.6055726454055309,-0.08994175594826175,1.0838511690126933
0.0776499614979535,-0.6350209578905732,-0.6350161878748731,-0.27813562639146294,0.8204654723730251
0.15958470771244634,-0.6628219736374837,-0.6628167584815438,-0.23674237716574043,0.6097148822800379
0.07850051226019175,-0.6801590521822556,-0.6801532686105529,-0.230142589006337,0.7205093049412407
0.07965717369156393,-0.6813728814363369,-0.681367160168288,-0.2608468005899821,1.1249873672657364
0.2130973391133148,-0.6494865998740598,-0.6494814154790933,-0.1098166635538106,1.399670233485855
0.1020847695515367,-0.6567356315272793,-0.6567305530374674,-0.09196406373037386,1.0496031979055946
0.16243955989594314,-0.6412356418676042,-0.6412308218635704,0.04285474475606646,0.867978728126946
0.1163077053458739,-0.5835350909867559,-0.5835316561828023,-0.014683258778027094,1.2284255314322372
-0.002579761984198488,-0.621225864097547,-0.6212208664866674,-0.17872875086186668,0.9578519713287598
0.07730609028951621,-0.7000932399065337,-0.7000870982810906,-0.18393360890025365,0.6212650588069015
0.11463932244136699,-0.7005436455229119,-0.7005375833434639,-0.04102003552393563,0.5810592054711498
0.13451089536812214,-0.6258388272467176,-0.6258344425310212,0.09962928835159662,-0.19799191540052494
0.07977863111763071,-0.6511786884225256,-0.651173645151766,0.0733845669592463,-0.14282511800656772
0.005857949005677688,-0.753907530993012,-0.7538995540738115,-0.18395700186700384,0.7783311565529286
0.15623225450741793,-0.7891367912860379,-0.7891286502269145,-0.24104912851708085,0.8256546626910792
0.16427780624250102,-0.23324463909132237,-0.23324906990499705,-0.1330315273330788,0.8400567319198762
0.11353599289910224,-0.2703302440275522,-0.2703339316599764,-0.16345692776844709,0.8110117424773834
0.14500714175133766,-0.3427912738950917,-0.3427932448873891,-0.08544696238448869,0.7661364148008499
-0.1045309510347675,-0.327567850658836,-0.32756837229329805,-0.016904496873862685,0.6794953352398243
0.10126402150780185,-0.26113441044885743,-0.2611381254503604,0.06129276440872117,1.1638927632760971
-0.07054603481614187,-0.2964963115686593,-0.2964981578184117,0.04776088599235642,1.6641734256967051
-0.036574444036406514,-0.289305853244752,-0.28930821919169347,-0.1298698573327442,1.0389840997687312
0.23330460295237557,-0.26332956687308323,-0.26333296390435307,-0.18920524989878168,0.7673714530435899
0.18015780819183336,-0.4618598363020603,-0.461859133662295,0.09222908893273093,1.4139654090914664
0.21260645210237109,-0.6715273675352703,-0.6715216882245855,-0.11262875272898784,1.1354786231132654
-0.022162699775298934,-0.3867479602556454,-0.3867483173023525,0.7271450431170646,0.8724417590746774
0.1740993035375828,-0.05867614548933393,-0.05868431704224316,0.6195978957154958,0.22389073739443946
0.30112565004269504,-0.2521869313689134,-0.2521901308048771,1.6089999489273528,0.20469360718196375
0.2206574996834014,-0.6678763862364713,-0.6678706097876523,-0.04251379901068581,0.8256699853445699
0.1364179385244703,-0.7514403310094804,-0.7514331259674039,-0.07184161893921509,0.48396253363528313
0.06194833732037101,-0.7440026377076426,-0.7439954205563803,-0.15529666095397848,0.5382889177614809
0.06797434903568014,-0.7337449610214154,-0.7337378846421052,-0.2637802335992544,0.33211685725261486
0.17765680077948445,-0.7393819722552291,-0.7393748588589718,-0.3053002118903081,0.3413940358241875
0.03575270433567611,-0.7201127798981429,-0.7201059200637938,-0.25528431801603524,0.5099649048285002
0.009510134826237235,-0.7091106666473231,-0.7091038747412663,-0.24697201724961465,0.5950141949940329
0.11783972690050518,-0.7110074036017194,-0.711001106463198,-0.22545672589437876,0.8529933609753846
0.10005279142964232,-0.6817404425120211,-0.681734802550205,-0.2395274710372764,0.9021815144742953
0.3104357720798558,-0.6671478020866926,-0.6671410568417094,-0.19002331824156932,1.001861199030376
0.1904283927810628,-0.6886116134980107,-0.688605640127771,-0.1662438755047195,0.9205050609963882
-0.03463389494104734,-0.7342986312382479,-0.7342905572703171,-0.17459696223156068,1.0604400751708045
0.008340809611716451,-0.7680388392787573,-0.7680304554876063,-0.1945179268723245,1.1018476276849025
0.21034590269641731,-0.7519614007800289,-0.751953781019115,-0.24230238909601787,0.3554473344068742
0.14495246282859336,-0.731965728972306,-0.7319588716641761,-0.16745177802200736,0.6572389684171319
0.11573996176319372,-0.7255688765674141,-0.7255622524574384,-0.14043383331349543,0.8533299314222486
0.20716376429549618,-0.7275368150459743,-0.7275297885081898,-0.22021992222429648,0.7236769154419431
0.05225423440113099,-0.7359731657002532,-0.7359660392875894,-0.24496474278024746,0.552918224284338
-0.08901220029759824,-0.5239370866581865,-0.5239332884677026,1.4789517579651514,1.0736264786892487
0.11311155869272445,-0.3518895748199316,-0.35189143107354837,0.45196346289707284,1.182473160370135
0.14251655669919855,-0.3792719793417572,-0.37927313117590084,-0.23927485927814962,1.2886177161208963
0.28103211918360066,-0.4186451683411276,-0.41864463003078384,-0.15638382600683853,1.2876664813407392
0.2840920154039707,-0.42598322428996854,-0.4259825212068144,-0.1196777462220625,0.8699356913969714
0.08705654935186892,-0.3976057896631593,-0.39760661937933145,-0.20369011719327249,0.7270942073257981
0.06372854517433349,-0.33438734456376557,-0.3343895042625902,-0.23616684090812876,0.970348778234067
0.1290922919584717,-0.3499169791347593,-0.3499187901224878,-0.17697962643457069,0.6740919887791995
-0.04037552804441195,-0.39746768557478085,-0.3974674436761648,-0.16909777853285685,0.49830075225651727
-0.1390311996229785,-0.368627127575076,-0.3686261898836537,-0.2150125093130871,0.9336349911337045
0.32904446538882665,-0.3246001353070144,-0.32460126093814334,-0.1214192842768592,0.7838418111304495
0.30869488914505094,-0.29379334050039596,-0.2937953370038263,-0.13060412919555078,0.7503384108504081
0.13549097229432336,-0.30338924603939327,-0.30339201222719636,-0.1660264125409837,0.6603290732382046
0.060130594608133324,-0.26794682898220346,-0.26795030145419785,-0.06840769112723497,0.9377809829750281
0.1183926793998906,-0.3132709428533683,-0.31327357671168155,-0.02488260946174848,1.1572415797089382
0.2329256537314015,-0.42743340677960806,-0.4274330293718638,0.03619597059296487,1.1089925151593107
0.17617643581701006,-0.5149776063150501,-0.5149756213795281,0.37997363679720064,0.8424548979049449
0.04956454226189363,-0.6749778202647572,-0.6749720634756778,0.3439568211888963,0.16315365185821315
-0.07132051055543155,-0.7470583026150982,-0.7470492704369641,-0.24150574117744292,0.6183148596924797
0.051011521819542494,-0.7532015163829683,-0.7531940478951145,-0.31136675591229673,0.2618404953547127
0.14590587284853193,-0.7574264088350288,-0.7574190245983872,-0.2643042938888037,0.6180676997126392
0.12672551875613705,-0.7467120124349974,-0.7467049135652295,-0.2510836529102967,0.6495293293696004
0.14566978869433606,-0.7239748580427967,-0.7239683592854588,-0.22869527831343128,0.519298191975702
0.12998979014482173,-0.6966723425266997,-0.6966663672756535,-0.2211106162040355,0.7559249921336978
0.06638663684051353,-0.7069251828829838,-0.7069188878492739,-0.2577630632212506,0.8711914005868299
0.028895417069579682,-0.72873380670692,-0.728726663731561,-0.3156599248913329,0.6654800962303872
0.14737537178241164,-0.7137040157917242,-0.7136977476616196,-0.2722070251378499,0.8860783193340882
0.18338555467690085,-0.7098577005002186,-0.7098513396181187,-0.2393691806009676,0.9689757240820395
0.14427984360516297,-0.7351680958880391,-0.7351612562318267,-0.24021074952331645,0.6064540845202159
0.18477112847843183,-0.7412056268904834,-0.7411985621045202,-0.22975468736770605,0.6959117939373359
0.16505149209819212,-0.7203295191289314,-0.7203230126664167,-0.22412768006591355,0.8977715238784498
0.18272996667742544,-0.695799295410284,-0.695793250203471,-0.2244209013295635,1.156255562246374
0.08313769575096149,-0.6622234330261781,-0.662218141750549,-0.17964698221030817,1.3774161913596767
-0.006025890767815182,-0.5964251641487418,-0.5964207234266432,-0.083758682227102,1.2052514164642278
0.07572498952265196,-0.6090140414292642,-0.6090099449470594,-0.1025505076297582,0.7171206775095224
0.04714858069336285,-0.6740876668702088,-0.6740818405094768,-0.30846999183717294,0.49908201889834175
0.2365353704857519,-0.6356119753219672,-0.6356069233562677,-0.181459888421291,1.1657057008362626
0.22383056468116744,-0.6029009203810407,-0.6028966029276551,-0.19824103986458078,1.0092203204299663
0.12965432074613895,-0.6413581622261656,-0.6413534290306457,-0.28880953417230615,0.6319638110408136
0.13074095470086414,-0.6895016773308934,-0.6894958630939719,-0.27734443054867985,0.7916421480997369
0.08227717399056977,-0.6543674419650851,-0.6543622375326165,0.07252649985052044,1.432978240978676
0.232020313770462,-0.3888222979929564,-0.388822877140288,0.3983499485977457,1.2822679921187061
0.011455156509245489,-0.33306765342092726,-0.33306948451421636,0.09916014600368947,0.8952674897120355
0.021815495469198858,-0.4841537052302991,-0.4841521437529198,-0.1503500311066768,0.8530597840379879
0.0004270273869530015,-0.3515078630010801,-0.3515092800275947,0.05363151768762639,1.500138204375362
-0.029510422690282742,-0.2833959476158092,-0.2833984462670755,-0.06151283224663764,1.5118285206271285
0.29314778466416136,-0.2776370429550935,-0.2776396709200244,-0.03542167749626584,0.813158055011048
0.10475429273116041,-0.34696834041771374,-0.34697030717547894,0.07714093037767832,0.8217669682051946
0.17447544713304763,-0.29204420117093327,-0.29204731166637055,0.2494539290326645,0.8989214851918268
0.3127963751180006,-0.09141371068328247,-0.09142034109171077,-0.06464308903052747,0.9089754496762246
0.043252587554785636,-0.13399625240830387,-0.13400264312177193,-0.13623233443239238,0.9726322358299611
0.02845283605689175,-0.2477492403993514,-0.24775316639929076,-0.15666230379445178,0.8537885440759668
0.02891098906052304,-0.24494148218231843,-0.24494547122923038,-0.10262821586946559,1.1262555408315118
0.1388388304540993,-0.27080733902028375,-0.27081101593975027,-0.0726684904171342,0.890684595537962
0.21494880575192027,-0.2986751677697431,-0.2986778606907859,-0.09646111069206892,0.49667269834111755
0.1838795704475532,-0.21773766362172928,-0.21774217395873632,0.017347333788108116,0.3888920475213343
0.038461225453422385,-0.34117110336411477,-0.34117284205766335,0.2872649408397124,0.8497569471011617
-0.09179544235212411,-0.5510401483449587,-0.5510357415671763,-0.12422390476083427,0.9316585744826956
0.18276055158585602,-0.5713798712911419,-0.5713767094272865,-0.18943995656078683,0.5932442694359985
0.17720850080437825,0.33724955750361135,0.3372323164943253,-0.46285514082325074,2.0091843397077533
0.017577862286894615,0.2676696368572436,0.2676541373537018,-0.4029499346483249,1.42351141992257
0.14929507615735124,0.07108393031210133,0.07107248681529263,-0.25064141046112903,0.9064714986008291
0.15062081884084721,-0.0519045670755084,-0.05191298024087936,-0.10291888310672147,1.054401586682349
0.0657624236330673,-0.08052596767945312,-0.08053364860424028,0.019419967724867277,1.191409514672009
0.12622780497423378,-0.11248828709583747,-0.11249542944014579,-0.07238696870467416,0.9721037693736766
0.10129853275321107,-0.09037452667715061,-0.09038225513585207,-0.12064898620422895,0.8461230698279274
0.07926736100655231,-0.1285219747209129,-0.12852866747618147,-0.05783213891630997,1.2856502220721806
0.008668990859582025,-0.23650334029472733,-0.23650733969708532,-0.09884334820043071,1.1265311870794465
0.10800993646877761,-0.3078361618605136,-0.30783891775443745,-0.16875016790568742,1.0407866469587246
0.3210534694777452,-0.3978194837973169,-0.3978189653202633,0.23562038674664237,1.7522651699197012
0.08044486715834406,-0.6186009908017,-0.6185966790487746,1.0811718222722535,1.5087358587748536
0.0010566159061609832,-0.736406912846827,-0.7363992393366351,0.37578247430421663,0.7826799521048992
0.08815920377446702,-0.7498273701925854,-0.7498202013688329,-0.26330784955755276,0.8360353939122985
0.11123600060436241,-0.7475563998184165,-0.7475492372084749,-0.19663235212932648,1.3202012321999297
0.1578998552219977,-0.6909906400217443,-0.6909847027911676,-0.26916519852381016,1.3951099292267286
0.10550310494716778,-0.6233152481946813,-0.6233109201448396,-0.2777992985295009,1.7186571749423694
0.15895489094765305,-0.6062251807236759,-0.6062211468641084,-0.26186885074937355,1.3663554301332363
0.1673974233049491,-0.6762591790147122,-0.6762535725725963,-0.26351554175539715,0.5675507457062573
0.08579097374339306,-0.7315556261054545,-0.7315487780060036,-0.26691236536697655,1.1052034296537456
0.10314473435601175,-0.7376150997159746,-0.7376082051133702,-0.23976305246385332,0.9509605426101728
0.12961981014186902,-0.7295650285254937,-0.7295584042433426,-0.20349713192387567,0.9023032812800944
0.10864793417084186,-0.7199137738771462,-0.7199071871903532,-0.23033255399649089,0.8153374560109794
0.08506636581765636,-0.661485624024841,-0.6614803493163877,-0.30647081930278475,0.09790983543605954
0.09866643287362704,-0.46303085507997754,-0.463030126145502,-0.08137007051903694,-0.2524745827331888
0.1832862806700798,-0.1289655736507044,-0.1289723460048092,0.007262631599031363,0.022528669106566826
0.1085163903415504,0.05094598979854892,0.050935177609623225,-0.15437456894330315,-0.15958585737433006
0.2001991349258218,0.0426685215390713,0.04265807433635432,-0.10129952887840732,-0.6903993726813102
0.5158835317960367,-0.05134391104875795,-0.05134875441723087,-0.008868375648806813,0.11506188580385214
0.09614604253842736,-0.08758978580818069,-0.08759739767770128,-0.002560991557443502,0.9744171296754158
-0.3164858333853904,-0.11733724523390392,-0.11733926335634086,-0.08188978589017377,0.6708806142006603
0.0612099449000163,-0.3001382471392312,-0.300141086326781,-0.14076443329047486,1.4360270635903687
0.1323961160310449,-0.4338289157595158,-0.4338289321013649,0.07729238149734632,1.8553429814763214
0.11937298072484138,-0.3566504938406984,-0.3566521536303235,0.19523087732967104,1.1759308780535516
0.31929849173690866,-0.3373064279311581,-0.33730744736739837,0.25089628804008607,0.7141526850460613
0.09095030106750732,-0.5086412975961139,-0.5086396340589191,0.40914098387028003,0.7983692937140644
0.07094796842480572,-0.24496557427036889,-0.24496956277630363,0.6505687999986043,1.1037211927904371
0.23900153069570648,-0.007682599061402801,-0.007691646972946598,-0.036378649039452295,0.8668087932730213
-0.028841945226630573,-0.131059794077782,-0.13106571337019968,-0.09790699092814506,0.73816511124428
0.09582950950908364,-0.15205161551130866,-0.15205777991886926,-0.11543121095780437,0.4019459856197394
0.07648433437482605,-0.17124763598758722,-0.17125345891662752,-0.05008250333724432,0.761234320219882
-0.0037572732651045167,-0.40479284464377324,-0.40479288606021324,0.10066953964471279,1.1078289618811834
0.2811673636688426,-0.6652162256443719,-0.6652098820107043,0.05991721313861056,0.6816186675967365
-0.04537508089425706,-0.7950809990329112,-0.7950712915447514,-0.013978537295801993,0.388150077319383
-0.023861000803380487,-0.800630015930258,-0.8006205868598162,0.00011075564843117673,0.15275886445945233
0.236368643497081,-0.773496682400508,-0.7734883551752054,-0.05817518791549157,0.10198467918229918
0.1975504500552248,-0.7652765783878568,-0.7652687939799833,-0.23101766400555623,0.7613235768226145
0.11190223279824006,-0.7720313192085467,-0.772023607025083,-0.1984248232520808,1.2339429223132892
0.022543798921771756,-0.7684472852547949,-0.7684392057509605,-0.23609367646829366,1.3836080802716297
0.09540776295858673,-0.7620653896480606,-0.7620579012451505,-0.22426160074720292,0.9781332023573374
0.13896297938288268,-0.7637774056671258,-0.7637699683813055,-0.22107270369312432,0.7272326171807493
0.14503694575211967,-0.7599073117533994,-0.7598999165890041,-0.2225094679931612,0.9794742347399497
0.23271769892217636,-0.7615455289599978,-0.761537514872403,-0.22649075655695777,0.8876353045885124
0.10308322088849406,-0.7453910674288405,-0.7453839982203102,-0.2519321464899631,0.9825322906567964
-0.13262107879773316,-0.7286514099745541,-0.728641582059741,-0.27562642241251545,1.2249717542565064
0.2624978288063243,-0.6721294010515348,-0.6721231708645257,0.11514749350406234,0.9325802725519232
0.38533216560062145,-0.3457784241283517,-0.3457782681734533,0.39388237588683656,0.8925071483326552
0.011675441709191268,-0.1197828160751895,-0.11978943638544809,-0.10874053644122841,1.3362411059645691
-0.1674811039777528,-0.09069587393337754,-0.0907011770656953,-0.10204390776353761,1.0535616884521226
0.19213666480729782,-0.010221851404921762,-0.01023120053729212,-0.1043625929452843,-0.03845985992480132
0.2355591051325974,0.014399993897650011,0.014390360571564623,-0.04467641612994626,-0.02088301735585049
0.09407036692745462,0.0024022236101872785,0.0023925014501247994,-0.08746646791170036,0.5451397498720985
0.04112021471460081,0.05658210541570637,0.05657134578959897,-0.27491832893255436,0.8910497467559487
-0.019127792599683842,0.020043274448056675,0.02003369352390416,-0.2721404331821845,1.1880127105281608
0.14442180723010706,-0.03461853868013721,-0.0346273399956531,-0.17397337440986788,0.6089959949409159
0.11235815335488251,-0.05962818599482231,-0.05963651528939091,-0.13513296280511664,0.3788132987694741
0.11921051218329853,-0.07463809422025167,-0.07464617603360459,-0.1324468702226456,1.1492573743039645
0.08951228720161372,-0.03812828123226125,-0.038137093297710395,-0.20525833697906298,0.9341284272267857
0.32500257972376956,0.008493581173666224,0.008484796950710355,-0.22655734023905166,0.6344992786213098
0.0923086495304588,-0.11340880189502935,-0.11341592356958376,-0.03893120810179799,0.9558998810402702
0.006898984813915436,-0.3197421314407209,-0.3197442617527298,-0.2512732699465044,1.1784444828446197
0.10015643544182692,-0.3797395807979336,-0.3797406325726382,-0.23169021635371767,1.5009102135141872
0.019470792685311055,-0.47977154249341847,-0.4797699898559165,0.4885667634555386,1.834462892607615
0.09331729754659779,-0.6602390152011447,-0.6602337684847427,1.3252401328186303,1.2528814133203328
0.16853851274537796,-0.8079150961538877,-0.8079066229958638,-0.27686748367584924,0.4540389117687213
0.3789239528058869,-0.8137914609390575,-0.813779452562981,-0.2730977743089748,0.7431234438069821
0.04259498381339958,-0.7667695713536603,-0.7667617086414608,-0.2527855025465919,0.42451778311693666
-0.052401772546676696,-0.7093737092592346,-0.709365926290472,-0.3061921287007311,0.008221013944237061
0.2191181909396618,-0.6899351557924704,-0.6899289735833631,-0.35488255614076886,0.21276891106054222
0.15481889116473704,-0.7450464789203864,-0.7450394622292664,-0.29364137122957373,0.7200834689841361
0.15094541996694782,-0.7787522505004669,-0.7787444321812821,-0.2837966738967243,0.877040841285333
0.10023610084476904,-0.7457625244369791,-0.7457554468875455,-0.2746916806625005,0.6391958863520971
0.0418396704450468,-0.6574623348820801,-0.6574570609551558,-0.19251239879766582,0.9521933867999609
0.019889738739413017,-0.5581851093427336,-0.5581818855228209,-0.2823085755149511,0.7632761823557714
0.327263698461408,-0.4546765429114022,-0.4546746581745041,-0.03534304074073899,0.587639337932587
0.050165115381639626,-0.16911141113933614,-0.1691172820363634,0.18475454575122022,0.8289302795615483
-0.06264804000512139,-0.052893954795558265,-0.05290153970777335,-0.09001140046567432,0.9684954526120764
0.18921256701651157,-0.17233769101978844,-0.17234339991246914,-0.15268898779620385,0.877043550955183
-0.04174642744999795,-0.24024988389073768,-0.2402533513678386,-0.12418952115664025,0.42830793766999953
0.2690050847977373,-0.16906179397658538,-0.16906703907016232,-0.008371723628759334,0.3482536077753141
0.1824369608952679,-0.5702412738361773,-0.570238047979371,-0.19665050650353336,0.9073136999312009
0.27426951536704786,-0.6154191335073927,-0.6154140871647789,-0.2359614114812553,0.5360176344905537
0.16027794341071103,-0.6529337388219189,-0.6529286561422765,-0.24457445983970505,0.3002833504011769
-0.02904531460769256,-0.6708332646267533,-0.6708268844246069,0.0856465203318995,0.5475941786534673
0.09202371184505813,-0.6701561784347033,-0.6701507985924287,0.010270428711104515,0.5947111229104062
0.08124891737055186,-0.6923070173829547,-0.6923010505937051,-0.2863161700713331,0.20956231731108768
0.094850551370934,-0.7171663802227378,-0.7171599447871123,-0.31324496032103905,0.04790997547779312
0.10897186210069368,-0.669677381770325,-0.6696720126792184,-0.1521892002815763,0.6845244793115242
0.11968660105841536,-0.6526646060167455,-0.6526596189400162,0.06748092421905011,1.1400877782649346
0.11863750292367428,-0.6900512277111076,-0.6900454011342747,-0.019324805692296592,0.9764261666914391
0.08026581490806682,-0.693368681367156,-0.6933627802983642,-0.2525567542674707,0.8936019981683297
0.14858671470108525,-0.6967401407075704,-0.6967341639341458,-0.22607111504422683,1.1575023765616756
0.2173019100249929,-0.6967699647422202,-0.6967636290604919,-0.23583853336659832,1.1312414614502317
0.11692631756053024,-0.7026976931426204,-0.702691582594983,-0.26761133596538944,0.7767520316836474
0.07758575524544066,-0.7320118532300979,-0.7320049948862679,-0.2649691849817879,0.6499998017994449
-0.0030946224752704176,-0.7309880738304517,-0.7309805219979004,-0.2635485511340623,1.0714529437387543
0.11509288937569583,-0.7505081284129257,-0.7505009890828748,-0.25208337867764685,1.0289220676923918
0.18841098390827074,-0.7766263700245943,-0.7766184651016363,-0.25507305662160223,0.8097985635636262
0.1267142020066253,-0.7752841093420211,-0.7752764136782438,-0.22633904969011087,0.6237214327203576
0.14236854200168678,-0.74649289982007,-0.7464857163107248,0.2241049090446345,0.6653812745885176
0.06265221593075937,-0.7268292778876152,-0.7268224463565747,0.14827149318599195,1.0204414293320798
0.10494275690613497,-0.7186621496001754,-0.7186557701373627,-0.07670863888166483,1.2639900933417285
0.11193842382857482,-0.7154393626246821,-0.7154329659684752,-0.015966900238688658,1.226017596792504
0.14819454775262073,-0.7412814856212594,-0.7412745086915763,-0.1208877739748017,1.2312774518007605
0.1974390713387113,-0.7481434317556905,-0.7481360320650693,-0.17759473663894415,1.2850113448011835
0.03777628353294275,-0.7455862670790486,-0.745578835248778,-0.1770254957787618,0.8430066745961661
0.08937245215909435,-0.49465749737363657,-0.49465605827685477,4.009752270620531,0.2973894968438419
0.19146651012327726,0.1585435836352027,0.15853053450906426,1.2290879267243726,-0.7411438963931772
0.15358805248269858,0.343425909087759,0.34340852939122174,0.1769133011917873,-0.36591833881622254
0.3667458762628102,0.29378313170063464,0.2937681205459361,-0.07369863993783628,-0.1909005673633006
0.17538683944883335,0.36187310447782983,0.3618554896769639,-0.1789776596277988,-0.26084911009673506
0.0956269274470631,0.2797112027991921,0.2796954329075971,-0.16970896513850967,0.22794840237237698
0.20982566689358365,0.19539319358253676,0.19537931701465666,-0.12236541740776173,0.44975984430597726
0.15491233849774003,0.28593072310616624,0.2859146344386763,-0.10493633854412705,0.09101418915105448
0.10043756219532017,0.3743587171578979,0.37434064287879604,-0.17771101919328577,0.06727495762572691
-0.09893330242737193,0.18691080823213183,0.18689801772901973,-0.08957052975923971,0.619558066669951
0.20670705770209086,0.026830078345036774,0.02681998678757737,-0.1045731154426004,0.3372127884475091
0.20427193889173745,-0.2131057133994482,-0.2131103277448549,0.42484350543168736,0.7448708721237918
0.053635556166926786,-0.6130925901197096,-0.6130884020554925,1.010324664257963,2.0752274614821635
0.29050593177378065,-0.7595371981702451,-0.7595283783621143,0.10371153954898635,0.6618701042854163
0.0906026189271626,-0.7505426992158531,-0.7505353799902209,-0.28714600654289396,0.5484844433290602
-0.026900503665387297,-0.7348694972948784,-0.7348615896277112,-0.3006325111021553,0.8141693358577987
0.07584936028562778,-0.7332857783618069,-0.7332788018528953,-0.2542941271173703,0.7122823960417214
0.20322911302261723,-0.7267933636597035,-0.7267864433754466,-0.24382501702664827,0.6175900025828965
0.26585835267266666,-0.6915049926673716,-0.6914983274099968,-0.28951512689040215,0.7234915004089537
0.15233693328281095,-0.6894736445295558,-0.689467741362444,-0.26114967251822746,0.9125471864266658
0.1585303439007612,-0.7276257497799301,-0.7276190794837736,-0.22634433997125813,1.2363472618593965
0.1034679916541719,-0.7328625994917756,-0.732855811604468,-0.2780160282065626,0.8085437430540052
0.00935886698799562,-0.7135014273041028,-0.7134943576861426,-0.24405814493493014,0.5960753971678754
0.08741061723948783,-0.7364011809002277,-0.736394313555635,-0.1870844792957248,0.8976309094077266
0.11903650313463363,-0.7512868670954489,-0.7512797102791642,-0.1562899144954808,1.1642766949169208
0.05327689259291615,-0.7306315288396381,-0.7306246119307291,-0.17633025546256093,1.1661407158947164
0.15798019253891002,-0.743418516524501,-0.7434114916087314,-0.2233195602355059,0.6016814439543913
0.16263541768914724,-0.7460327319821398,-0.7460255588056603,-0.18245827940712847,0.3980154417500941
0.049717374479989564,-0.7182242826169832,-0.7182175547476624,-0.220839750706934,0.4080199000845756
0.16862624624507694,-0.6781260919344587,-0.6781204435716365,-0.13095580929435433,0.5758652381239742
0.17320057500494568,-0.6654172020220122,-0.6654117494720541,-0.09023792888915305,0.8358752543847396
0.06542459965036196,-0.6589724341260161,-0.6589671262904792,-0.17887888464911827,0.9091836063401779
0.00460301887388264,-0.6414187059121214,-0.641413344439538,-0.24377842468596445,1.1546204727093674
0.026139615776432912,-0.658464977728641,-0.6584595021685046,-0.2617922438041275,0.4494319510419234
0.1834437034454532,-0.6653700925858986,-0.6653646410937621,-0.25100067467400167,0.11825070176232172
0.0924805287144204,-0.6571228066077333,-0.6571177194240757,-0.26807342397797507,0.6836457029283969
0.17854791257742103,-0.676850465131103,-0.6768449349715726,-0.2593313756548351,0.4953898876845591
0.47438493504089785,-0.046165903351221664,-0.0461714899071559,3.406235964550333,-1.5663046642910794
0.38410624573917407,0.38995856807473384,0.3899412182237133,0.6377737159648997,-0.8390400110043736
0.12273618984279237,0.3286401737113642,0.3286233051413038,-0.11885074271999259,0.07890890050460826
0.030772436955510515,0.2021719369296115,0.2021579081480388,-0.0678236986831669,0.2916433600203234
0.2168900216321354,0.01644701532694845,0.016437156916590458,-0.02137741923451846,0.7471529982487053
0.09118929727633365,0.20568579931835385,0.20567169163455074,0.03005655836470159,-0.0981986832544383
0.20598816617421528,0.3183789145585124,0.31836227640050135,-0.176041053532409,0.00041610007642101175
0.28707437993293766,0.1318699701350549,0.1318575199531452,-0.06086528591492599,0.7235013829556174
0.1970522848311228,-0.08997302173019817,-0.08998049052555253,0.2662166384184973,0.7546166160651236
0.10272993519080231,-0.3424987654951928,-0.3425007430556373,-0.1332156117059916,1.247004704740683
0.03348980066626943,-0.3499711639424564,-0.3499727050345253,-0.18734246074389183,0.5489588125282905
0.08496765088429144,-0.3793557194991073,-0.37935669033359354,-0.17143608655510245,0.6820532790419988
-0.037262186453281096,-0.49061978880271157,-0.49061745521469524,0.09881104337099735,1.401987938084938
0.1999584563675128,-0.5959401877294361,-0.5959362952551964,0.43229139085217905,1.5469102905556853
0.19317500270142615,-0.6964176291496905,-0.6964115700584661,0.35497363398626547,1.2477280084244133
0.03080717131739076,-0.7562332235448718,-0.7562255078620614,-0.18450332029898756,0.43371722228527304
0.18805276656720218,-0.7424562659891325,-0.7424489940013107,-0.18454997050158511,0.7028045425521641
0.10517682275386306,-0.7432098378436178,-0.7432028176136359,-0.24039420896679134,0.8386510855709267
0.09477884122423469,-0.7139023053193959,-0.713895943177133,-0.22956728251111927,0.5338054714903141
0.19406197017502733,-0.6802661679343313,-0.6802603819573916,-0.239940329196434,0.7428695705122934
0.08070604678641613,-0.6881859269013422,-0.6881801422090164,-0.22191182622811817,1.0067404053798068
0.03426382504350277,-0.718287154906245,-0.7182803360655,-0.26529147085001364,0.6771415709697165
0.013680412479862888,-0.718958688275027,-0.7189515856763327,-0.27856000163244626,0.20387676656347978
0.18754799504391206,-0.7160656673523283,-0.7160590775134159,-0.2269284330050809,0.32397639471458994
0.11534600411270743,-0.7403458349005786,-0.7403388789805199,-0.24039380019272963,0.9154203028641611
0.10024932370137378,-0.7608361110066607,-0.7608286502066605,-0.24249915914254244,0.8897686194924114
0.13148640478246326,-0.7618558153505214,-0.7618483764333369,-0.24168959734361034,0.6175976719153699
0.17018762556754816,-0.7617289960320104,-0.761721425623016,-0.2597003965798767,0.8685667393640265
0.2017003394796015,-0.7557872960117742,-0.7557796351218974,-0.20575761098463785,1.0802376154888353
0.03939166217051664,-0.7456464525183419,-0.7456390641164611,-0.21467514906444385,0.7553280662677424
0.08675054639413479,-0.7479334096498231,-0.7479261937944648,-0.287533319436433,0.5416243203160309
0.20006523426852033,-0.6748938114224102,-0.674888146079367,-0.11567935172241135,0.704199333489498
0.23002071831155213,0.11568886400837704,0.11567677716606999,1.6490904294965893,-0.9063185864307569
0.18863025867270405,0.33333177200294495,0.3333147980851138,0.4690078355774968,-0.17487730932443907
0.06473685723348738,0.1947232723237359,0.19470923167933316,0.15491480532166846,1.0666775840903797
0.24264844378678982,0.3663341710421173,0.36631645606996893,-0.11151617334599688,0.6724987705884918
0.3549112246952286,0.33471478324337317,0.33469849474787083,-0.18874470089115394,0.2195314780549398
0.04835353786476226,0.19612580800726817,0.19611173586954514,-0.07838811239828357,-0.39677524391650326
0.18436540528093462,0.14966641046276646,0.1496533815503279,-0.22118150104277673,-0.4858652462859419
0.2542065642872698,0.19501381036699125,0.19499994231799397,-0.2856081905201829,-0.5701587998642274
0.08170741402483966,0.12889634371330277,0.128883781183554,-0.06817433259743541,-0.7939143394209941
0.10910385344520575,-0.2774117953660715,-0.27741523442572863,1.3946395378898233,-1.0914631266403334
-0.015894891354768504,-0.7783544175818047,-0.7783455782597554,-0.1951289990991325,0.682675740456641
0.01485713387717034,-0.7802857253391284,-0.7802773800083423,-0.25883595522687836,0.6831889247367811
0.13699576658695728,-0.7852546065474535,-0.7852465974409037,-0.24076694734923065,0.7158255370895543
0.19976416551872017,-0.8035086174247925,-0.8034999297535145,-0.2521864371494362,0.6455525021767571
0.09978477469223973,-0.7993733762000127,-0.7993650052828891,-0.2299260774098735,0.42567842029065545
0.0715598563706456,-0.7801971936326679,-0.7801891637486131,-0.2311072982978851,0.6127162933629179
0.19111602748653758,-0.7664214451594145,-0.7664138141633715,-0.2301955112366181,0.6635194986238605
0.022648679050496986,-0.4195866405700734,-0.4195865289176587,3.68759817449903,-2.1952200626616607
0.1905090634904031,-0.052768747587028375,-0.05277714134760704,0.8728202056592033,-0.3069056739706427
0.26340787729416953,-0.07120895716718119,-0.07121648906271266,0.17144359930008998,0.9674740129607409
0.02428344061092165,-0.4476808812102077,-0.44768013871400825,1.3517705577760932,0.9572560804696296
0.11023474620645296,-0.7700643659083082,-0.7700567426717407,-0.19881248210359417,0.9182848873362838
0.2964255041096245,-0.3839436949435714,-0.38394384627985584,1.4236014116585405,0.9468740160617862
0.13934976589047118,-0.3840789330586502,-0.38407997695476787,1.443156315416144,1.1182546032307157
-0.10639027547644452,-0.7521990526597385,-0.7521891437912656,0.27107982311694123,0.483978572181235
0.05220191230639674,-0.745118710403705,-0.7451113786318679,0.21721969360093205,0.04778665718147746
0.20694807478194213,-0.7620790478020669,-0.7620712456336781,-0.21349292086764426,0.6585393728527246
0.1425288819608049,-0.7611449644105344,-0.7611375414551944,-0.30909771439408307,0.6679721351002016
0.04547851543937325,-0.7504427036161939,-0.7504351627367825,-0.3128499702973141,0.40568552090427146
0.06198049686688447,-0.7518924382975053,-0.7518849992044226,-0.3198309763114901,0.2857114791193784
0.12308611324579108,-0.745094260068992,-0.7450872423049674,-0.2871010204231865,0.9729855581140708
0.20866418922390584,-0.7375536604133626,-0.7375464985113871,-0.2577748583878706,1.2705795219701805
0.014164682933389959,-0.7391882503725036,-0.7391806935279132,-0.2818029927456841,1.1365093071083792
-0.03808360384642901,-0.7516006463909314,-0.7515921391340528,-0.2539540267759173,0.8176905046957158
0.31367372037321917,-0.7774457697033068,-0.777436144747654,-0.24287098675623145,0.3792708206289684
0.20313521945667218,-0.7361275700117735,-0.7361204401320292,-0.21123898886862308,0.9184779330530777
0.061672924400181746,-0.7049489151695213,-0.7049424853927223,-0.20005264646124035,0.8825481430893771
0.12598488667597657,-0.7374377676180567,-0.7374308769973664,-0.21688357061967245,0.4919521248583919
0.041922700546954274,-0.7296094511116388,-0.7296023780337253,-0.20861838856801676,0.6372731374427623
0.035558198064083855,-0.708730029568459,-0.7087233357690945,-0.17195236961214927,0.8378351870339735
0.2155061250509728,-0.6996304747803005,-0.6996240748670807,-0.21326246542958058,0.640902926480481
0.16866445301732236,-0.7006545228649435,-0.7006482790764845,-0.2520855921623233,0.3495018437648903
0.09351259626634575,-0.7119435021307283,-0.7119372735321818,-0.26285601079703297,0.8620942618634426
0.13564257224271437,-0.7265339930760822,-0.726527347294841,-0.24859727037955975,1.0196751240396673
0.15086048696364376,-0.73573609597137,-0.7357292435609661,-0.2587080619029614,0.7819408151031477
-0.011095466285762646,-0.7214109762412336,-0.7214034603388763,-0.19177788449151384,0.9115122129112234
-0.07221498705233348,-0.5329820983919855,-0.5329783657787153,2.232694342435167,1.070953130953082
0.24031752806207715,-0.07185926442121235,-0.07186705039334483,1.0655921448796126,0.3967478122199392
0.2988231906439882,-0.07430698474247269,-0.074314267953852,0.6423769706710514,0.2810010527026683
0.269119935924616,-0.036957262454343984,-0.03696556345657612,0.7361013037587643,1.3814563017040498
0.12909341234937144,0.16953154614285534,0.16951807116755507,0.09680852883621413,1.1994423229737192
-0.05434814831585394,0.22215977209159304,0.22214601096923225,-0.1582845331213327,0.18205522283417963
0.2235153703506499,0.13354907224200654,0.1335365843565995,-0.0026859548100600867,0.338199376434106
0.37083515494378183,0.2708675256896959,0.2708530290948251,0.12549861146932884,0.1006737773200093
0.07858936390680302,0.4725575306815732,0.4725372513914168,-0.20555181031714076,-0.42927041997395304
-0.02674285520898575,0.3216835608963779,0.3216670276532997,-0.2403107266952255,0.04097884537090464
0.1396181185848589,0.1680372993137332,0.16802367877177748,-0.16291030029934409,0.5092073605343586
0.213954270493713,-0.13743210658629548,-0.13743842014917307,0.1081849990688265,0.748725085847898
0.22187724409125986,-0.3036077765034941,-0.30361035866498287,-0.029813825969140385,1.5556096964645125
0.27894625202256057,0.0006575623640053746,0.0006485062971236597,0.28202286972183244,0.6175191633715751
0.05909931437524942,0.00663750521545915,0.006627956632979517,0.4164732953999827,0.25549607724033047
-0.03690060441324716,-0.43299921648925765,-0.43299817674578345,1.0260540415340094,0.8223832120452618
-0.02466953386146591,-0.608139203079536,-0.6081343202045496,0.2047231403198335,1.0780725311865278
-5.573098032254909,1.354198447159876,1.3545728530929662,-0.07905213788271727,2.8334545199775745
-9.061461009679816,2.6380201429193475,2.6386931512994165,-1.405752184557205,1.8694240723007272
-3.169363656665516,1.8659405493579746,1.8660057680561095,-0.7860378808832912,1.8402679041883232
0.5295527034086542,-0.028658388956784363,-0.028663473039688494,5.1250781853994205,3.348454575978415
0.13423324230727263,-0.7541470636676996,-0.7541398426269621,-0.27314702052886813,1.0533596573401593
0.06137443046574837,-0.7227303986990751,-0.7227235696469047,-0.27978562282158426,0.935535037884871
0.0501844983044904,-0.7102102152160795,-0.7102036672991082,-0.26012415337431566,0.8393669628917653
0.05518897510404093,-0.6895765508833477,-0.689570645405519,-0.21510728921051536,0.9772551120864372
0.21408301126205234,-0.6875186029308441,-0.6875124749843656,-0.1842398781382404,1.043461901447761
0.21081526794385697,-0.6972071152320874,-0.6972007697343376,-0.19072301174695183,0.8970622848875219
0.10419035943924837,-0.7283743061811411,-0.7283676190764806,-0.18934840341651515,0.726756591687122
0.09579723968661324,-0.7677097449384547,-0.7677021745738628,-0.2356552432021205,0.6750750777483444
0.0899594664652505,-0.7676867275903916,-0.7676790681829896,-0.2540849946848339,0.7763655103838532
0.1625221386357943,-0.7478901961461639,-0.7478830708208003,-0.24615181420352975,0.7055997521017616
0.18801467263547084,-0.753453095101681,-0.7534456657445654,-0.23313164523875016,0.5032774835686047
0.11334853787736157,-0.7727910708179595,-0.7727833863544358,-0.26233870213082766,0.5139235137881156
0.07690787098620545,-0.7670194931815592,-0.7670118487566117,-0.2679668322256969,0.5635641755606982
0.04101881212535502,-0.7323471721061607,-0.7323401271135842,-0.22132687955367927,0.614403971870132
0.2163617228616591,-0.7144480045479886,-0.7144413614733266,-0.2065168063651185,1.0843327580632516
0.19715862162830255,-0.3586866783084574,-0.35868802369749453,2.5617994076230617,0.6078964130391646
-0.09449388988943141,-0.12083247879619832,-0.12083809038054337,0.8211201905467261,0.6225702300119719
0.003436278732957196,0.0841284077856076,0.08411720873873678,0.02884072554304183,-0.26097297424638183
0.3487371046760722,0.299469760097199,0.29945444213245836,-0.26323518901365706,-0.5932767997684684
0.3078565661912478,0.2845627582255614,0.28454759587166506,-0.256232232168998,-0.1486179691861931
0.11715668659914355,0.1074189189288111,0.10740683866516487,-0.1093412514452357,0.45036500748092856
0.0391525582502905,-0.0405718817169033,-0.04058045979307203,-0.18573837719510816,1.045401754933292
0.22641324810925484,-0.056424027845776936,-0.056432070849685635,-0.17124301774276385,0.7714340696982911
0.1680778875086654,-0.03904709435980643,-0.03905597535336652,-0.1485845025412702,0.3370050623087094
-0.04439702035110579,-0.009768042445250114,-0.009776864409773258,-0.14961043468516824,0.500837746788641
0.18423766981899342,0.18686298230269338,0.18684911815763686,-0.07912572989045857,0.5529999436174379
0.2554391930301908,0.3043388696100289,0.3043225467150358,-0.10360511318488155,0.3645747191365904
0.151087496432406,-0.11168241122863291,-0.1116894821088739,0.9004866984923472,0.6803999369410111
-0.044774841166939035,-0.5675378549595859,-0.5675336150910038,0.37945972905012904,0.9657687158333214
-0.039083063054341706,-0.6248397668667813,-0.6248343298686906,0.13362909593596586,0.8450849662979423
0.13828498100085482,-0.7008791435223061,-0.7008730738093985,-0.18878487158369237,1.0565829921413943
0.2190936532569632,-0.7312441306324453,-0.7312370208485242,-0.23691405757099196,0.9836979400182256
0.10953467596341487,-0.7206955576563003,-0.7206891325342064,-0.2516073606353622,1.0420845883165308
0.018355025682065155,-0.7019949923142045,-0.7019884497471315,-0.1655522282973913,1.1798312264418875
0.058905695440427,-0.6976794634565414,-0.6976733760313841,-0.15304748657635234,0.7227311665296194
0.0013154412707801475,-0.7237772850084498,-0.7237699846506362,-0.22425070329167782,0.23082696736952568
0.19422634290024532,-0.7362060260308524,-0.7361989839490672,-0.2033591512242176,0.6448012258491187
0.20740433001329112,-0.7096165109347171,-0.7096099763491136,-0.037075327766758856,0.8050978961711049
0.07160198691531251,-0.7115642980385141,-0.7115578092758645,-0.055704505741194815,0.5950125893786219
0.17855609351469198,-0.7386875111000496,-0.738680502857266,-0.2160912700633022,0.6727199023463182
0.16175338185892288,-0.7053300000567134,-0.705323830401785,1.0353385035064875,0.08359897928629359
0.11498151450601801,-0.752101923033379,-0.7520946583557181,1.4727754910517523,-0.11486923219917021
0.04114923524317707,-0.8386026843835724,-0.8385931639106691,-0.23226505593311925,0.5515560413205391
0.1330280620194022,-0.8285766589454586,-0.8285677218411536,-0.18914654269130357,0.7852642492150342
0.17153745457168643,-0.837230196638854,-0.8372209756635214,-0.20647871059509698,0.5498630914166251
-1.3943147479081315,1.3485438818396018,1.3485336664675271,0.021926986938575553,1.9480072946324072
-0.5313305613016612,2.0782611658117003,2.0782094882565274,-0.9785908111921624,0.17780695589070544
1.0272564713574528,0.7962265835279126,0.7962117538628499,1.1675309244136085,-1.8582114359320745
0.12867289935085802,-0.7212270165800603,-0.721220489964636,-0.03323450257629455,1.2615464155442335
0.03485095475473014,-0.6774442589741311,-0.6774383572426036,0.18633293375788812,0.3231907294208965
0.12454911371209611,-0.6751399268795204,-0.6751344351293722,0.24855807245843214,0.5747518345778598
0.14841965175542926,-0.7567432324497169,-0.756735908333327,0.39348425533348247,0.9561304184253795
-1.2865701935076055,1.5444349481062334,1.5444142440301394,-0.19101549539160417,0.3562529533850603
-1.024865385166546,2.451599327174855,2.451546789486883,-1.2127997570609481,-0.24268252401770063
0.44971225405451487,1.1255331849780592,1.1254994972426946,0.5234156184451437,-0.3759774446744539
-0.03046596642176031,-0.6903165989263251,-0.6903096021151894,0.9635942339010876,0.408658573499092
0.15187485137764387,-0.6692234832489877,-0.6692181243499723,0.8438603269068164,0.4040350309565254
0.4091795105505493,-0.7814654315986104,-0.7814534773918586,-0.077762416119602,0.9252046250642975
0.12170759646436523,-0.7871818392489918,-0.7871737868672816,-0.18171985629602866,0.6274003706685587
0.03164964885375785,-0.7814438472371971,-0.781435565460949,-0.17562148208636705,0.8983080510551074
0.04645523215458408,-0.7856796662124627,-0.785671378882422,-0.17752803510842502,0.8664818995817601
0.20084385433214538,-0.7759076824388661,-0.7758996593142391,-0.17342310880739922,1.0211054018337147
0.19595534680638582,-0.7486632476629205,-0.7486558363000624,-0.06341932297768288,1.2930680811986284
0.007458991768848844,-0.4117813414117185,-0.41178122590454536,3.346005800326457,-0.10786937244073753
-0.023206423239417552,-0.17502068983661961,-0.17502580112581773,1.220228444865478,0.3788589316761161
0.30493403790943013,-0.14513700711749583,-0.14514252075264783,0.09708803100776259,0.6243779007271636
0.220911955042657,-0.11664269451705891,-0.11664956445667148,0.058860261303380734,-0.26922198153747323
-0.14720111955648024,-0.15619375298434085,-0.15619794362928557,-0.07445439820925316,0.008959862711128115
0.16300976609461532,-0.08569367578544368,-0.08570133023127868,-0.09881055068450642,0.017120113954309867
0.14139406670941476,0.19239180304444395,0.19237763563284666,-0.13073286973829606,0.019622268006918058
0.052122693136396676,0.23884152792905922,0.23882667574799096,-0.19178103597317825,0.4801079379556014
0.31346149814091595,0.035740747580413054,0.03573117241504172,-0.13875334937856587,0.6654037132085706
0.09918095227859959,-0.005715645761164251,-0.005725006518740671,-0.08707373154026085,0.7905891098996621
0.008273351500752334,0.10758514538019269,0.1075732405033139,-0.10100329411742778,0.9075661464657689
0.19218607869423732,-0.007204698013680694,-0.007214025335245419,0.03725182655778741,0.7535899772676778
0.17425964477897948,0.1662974743974945,0.16628425116115828,0.11369646318157461,0.55392349859634
0.2919243370357953,0.283936005689587,0.28392014093190615,-0.08810134552253517,0.20848824695836385
0.31625237231748526,-0.21598001593403318,-0.21598393882066214,0.7333757934824925,0.002481953806311925
0.0684220899373302,-0.645651031982428,-0.6456461128327563,0.04508199510916156,0.858668080993879
-0.008784041195300574,-0.7212700957412211,-0.7212626725619278,-0.19034708997518543,0.9296694471572112
0.0009133084532764473,-0.7403034722327426,-0.740295711227028,-0.19803147810434116,0.5150757384089933
-0.046345519573593494,-0.6994349616642628,-0.6994275809850037,0.8516125412732952,0.3945580457739817
0.14611103100819783,-0.6510433607457812,-0.651038499633054,0.8843973492587621,0.9703138562838132
0.2918674243837836,-0.7275823123721068,-0.7275742996564999,0.3088672038315031,0.984708262137928
0.14034261623463865,-0.8059790864091191,-0.8059706567233403,-0.22969689801947488,0.2637558484271904
0.08377972750140418,-0.801977471189437,-0.8019690417985088,-0.08936892505630638,0.13590167368627054
0.12157795778045784,-0.8095522834013315,-0.8095437734809898,-0.1194082561400271,0.33029622801124653
0.10644049161410664,-0.7966739428175411,-0.7966656772948312,-0.20443226136083203,0.1991690182025378
0.06417852236980809,-0.7488814646611917,-0.7488741379580216,-0.22472979484990865,0.5367923674886821
0.16033688206286192,-0.7344816057210994,-0.734474781479721,-0.27058797631243864,0.9305041704901862
0.14045432706130156,-0.7248693103972946,-0.7248627019957689,-0.24737735554565124,0.9085797297671966
-0.022746249364761332,-0.7097299855650514,-0.7097227319541888,-0.264658814091621,0.8194375372591982
0.07498458136038659,-0.6962933175578168,-0.696287350817609,-0.18225980581535606,0.9640238935900581
0.13356241570928185,-0.7194330068561244,-0.719426610084052,-0.11370433699869344,1.0310144023976957
0.20236847842171143,-0.7507633343790959,-0.7507559206395439,-0.19919097615540782,0.7851804354964189
0.11902787532328132,-0.7507876503713103,-0.7507804599848898,-0.22501661418604438,0.8640047761038123
-0.011896490320547319,-0.7709030213451278,-0.7708945732400315,-0.21933539843172936,0.7687974983307378
0.1355271633246581,-0.7733216341250633,-0.7733139825278017,-0.20854039772630578,0.5331556954045915
0.09251728138276845,-0.7468208746395526,-0.7468137285455045,-0.2476011568440795,0.6341360631443557
0.11263815939690636,-0.739861306289601,-0.7398543612494185,-0.2814865706903317,0.5049024943021255
0.24441004834327154,-0.7481388641107442,-0.7481310615042419,-0.2846480712435914,0.321880256789179
0.07731751795612418,-0.7584314250657285,-0.7584240630417178,-0.2559136882136376,0.434684739842792
0.1490708697495411,-0.7126929541485953,-0.7126866191617798,0.4996437727448526,2.1314710725815416
0.10359348312861713,-0.38444318035270675,-0.3844443056294666,1.1587554344159359,1.0361303226289078
-0.07797174078458512,0.003371997325467446,0.0033632385457638566,0.2765767319296237,0.10203071985307995
0.28213679704178085,0.21377680019002085,0.21376286906497927,-0.03523223217552741,0.21923904673812564
0.4693166930926623,0.058839417635869036,0.05883111499313847,0.11800952795621641,0.682865720158804
-0.013212036324861674,0.1696897120443316,0.16967659175610394,0.155722257484021,0.09724132635338611
0.0758569821494426,0.26764939592081455,0.267633717752465,-0.06180205920935413,0.24605486356718287
0.22508773110678704,0.20310409474533334,0.20309004503256795,-0.13885014390124095,0.9125534957816339
0.024203549526951373,0.2165575107840381,0.21654333810005724,-0.1866723956783223,0.8997210986712336
0.24347221031427635,0.10345456136202487,0.10344292835489782,-0.20984550470288751,-0.026451811979294318
0.16970481178247562,0.03305425585862289,0.033043845420693024,-0.11088371152481924,-0.6058670938571725
0.06620220927847455,-0.08253080556424686,-0.0825384414712834,-0.16292305515704936,0.5815947516924839
0.18474681647676136,-0.0031309856531784408,-0.0031404940078123655,-0.027669808279552552,0.347818485945482
0.16337078393207882,0.2006373873509626,0.20062339302702398,0.26017739488818425,-0.5028094305405078
0.11209047257446503,-0.09340278571492794,-0.0934104461754081,1.586739459550711,-0.4934630837723837
0.1303910311375806,-0.6991726355456762,-0.6991666937113072,-0.41832519804330054,0.3813270786677694
0.08271617488149273,-0.3259641594743322,-0.3259665083120636,2.5971593274001252,-0.5686460001597753
0.008535767245365027,-0.28098243985081384,-0.28098535093495086,2.0895533076102906,-0.3423404880732114
0.04705065051448223,-0.6279497061435996,-0.6279450053500847,0.015218526867861336,0.9433600646851489
0.16137544563801842,-0.6944032977283415,-0.6943973734276956,-0.1625533358378334,0.7633849898978705
0.22770571309932508,-0.7497651248349829,-0.7497574648308224,0.1392498495863458,0.14595793553063632
0.08531869515904437,-0.7596474037997845,-0.7596400144715076,0.17571954093067782,0.4411158641556927
-0.0038265163078368444,-0.7605315117819038,-0.7605232517846539,-0.2281654186633864,1.0989178345352626
0.1762622612861982,-0.7834682543459277,-0.7834601957914744,0.3391269562013073,0.23598360630861545
0.0945928441532271,-0.7994290387751924,-0.7994207113880176,0.3942113070894628,-0.02284414353208675
0.09769397332326568,-0.8057152377422171,-0.8057067244213891,-0.20651919773860916,0.8273623752152592
0.2326839698666943,-0.7896787737055075,-0.7896701726781352,-0.2401866247001651,0.6528368396429473
0.17328046095980168,-0.7778528274735274,-0.7778448502311809,-0.20876632476850437,0.39464440089297276
0.11841912254854292,-0.7930844008213541,-0.7930762159002267,-0.17191637539961305,0.3491351767112642
0.14142779320033969,-0.8066195866607654,-0.806611142592836,-0.2593744988956436,0.5321639382775826
0.09315695886975824,-0.7857187598795037,-0.7857107403505955,-0.27065926609864166,0.8788461603657878
0.013484449539816125,-0.7844995569254855,-0.7844909378556603,-0.26909859389435514,0.6535220005566329
0.19688130067760243,-0.7925626145574806,-0.7925542174536973,-0.2755484503267898,0.5589695225305863
0.2224089075607015,-0.7686396189317033,-0.7686316246687556,-0.29572098831679217,0.3406966176244851
0.13693828588553947,-0.7834602385768552,-0.783452269762047,-0.2639756344729895,0.14241690842347854
0.026010875008093546,-0.7798299460228132,-0.7798216109263507,-0.2274404348731302,0.2677163864905568
0.08627378752846561,-0.7628970592749623,-0.7628895521972775,-0.23598125786697113,0.3768141045584513
0.18933783537448576,-0.769654173479791,-0.7696462907749501,-0.22855182792359838,0.514354731253164
0.08104510175654782,-0.7535211171867157,-0.7535137310820214,-0.25579105320944207,0.687911698717737
0.12200810710241819,-0.7279417233362202,-0.7279350459450168,-0.2705466826000962,0.672806460348855
0.055361303085501724,-0.7220010084943058,-0.7219942853799254,-0.2353770437276989,0.8078693596684993
0.16163729974461785,-0.6613248608350619,-0.6613195897364751,0.21667779119345673,1.46871121082417
0.1057814299219875,0.022236639638970167,0.022226472105842224,0.9620727017130806,0.8071158840693969
-0.015056896664279047,0.14705138895013714,0.1470387769954717,0.2769575393134883,0.6420027606178241
0.3328043113180493,0.041502786899425326,0.04149308235000199,0.4986192502880066,0.11760997016770486
0.40117731265388806,0.45943656754563167,0.4594178367160801,-0.05992428923377698,-0.5243310308405871
0.0461941653670261,0.43750703547311504,0.43748790146499034,-0.1467611298074445,-0.45802895115038855
0.044028068600473494,0.29333603986588414,0.2933201431538901,-0.15271983136113754,0.19277025773252923
0.08858307890738867,0.3472763442158829,0.3472588780595227,-0.21721523395675427,0.3096580185574389
0.1276561829173925,0.39412497675914776,0.39410663775671195,-0.2584202613553732,0.03315264642760886
0.22468492124619885,0.345205678506862,0.3451886170850055,-0.22021845986983216,-0.04672305922428965
0.1843270856681751,0.259647419344769,0.2596319208572747,-0.10888688258513551,-0.21663314974167155
0.2101678608816525,0.033977994877776904,0.0339677428170038,0.22862251168890135,-0.0637550843473277
0.019293191974374048,-0.32701337438701295,-0.3270152518668134,-0.07571138295521089,0.8535343263934901
0.007309078016776216,-0.4294369012394175,-0.4294365684037432,-0.1077743975082588,0.54173828466621
0.1550696535617136,-0.4964616275657869,-0.4964600583984027,-0.15943836845682682,0.6910671791730182
0.2574338542811667,-0.5663351313520409,-0.5663313662883598,-0.17546987063318323,1.3986233534206047
0.23777181528969454,-0.6126411993250096,-0.6126365735983009,-0.2374970532051994,1.305994226771997
-0.002485642737225287,-0.6276716171718648,-0.6276663852647878,-0.24641365999636336,0.989967503798371
0.20793711162964504,-0.6177951149344953,-0.6177906421578482,0.3285248026749979,0.890110213122812
0.12095777637740254,-0.5759612191723505,-0.5759579544363486,1.147440281300371,0.5516238778106668
-0.1049716445334017,-0.6868419645471222,-0.6868338814818602,1.5763444044915316,0.6182585909092968
-0.21358102915031174,0.9580150752549561,0.9579856864228015,0.7069477102974396,3.5424370070327384
0.7546928767310526,2.088200002968338,2.088147744002341,-1.0412846334535364,0.8667824088538904
1.1438408285324446,1.2147516502905098,1.2147286766647953,0.15606807094893133,0.18802407497981416
0.061301602172136795,-0.724507391706544,-0.7245006123124338,-0.12863128138022298,0.8899131075510495
0.026573015674565964,-0.7547004204187023,-0.7546926495946558,-0.22287861517329582,0.7136879336695394
0.13697671833881306,-0.7565961274139441,-0.7565888066007329,-0.23171441850277316,0.8563061494978763
0.2668312533268558,-0.7169499096769462,-0.7169425835055259,-0.24127599746463552,1.1651248161163412
0.07998087722266616,-0.7141650792463106,-0.7141586216439205,-0.2351111742092764,1.0574118942697504
0.05025542369670541,-0.7213112045457384,-0.7213044073609469,-0.2570286701848776,0.9628141904381243
0.21464773700212011,-0.7315428187872717,-0.7315356127367851,-0.24891819030952275,1.2836946277042394
0.14730780596004772,-0.7553362634637366,-0.7553288813805604,-0.23237582755096034,1.1015909860774349
0.058779303806426264,-0.755001347615169,-0.7549938387128986,-0.23340777700531262,1.0189674292281115
0.021705906813567825,-0.7526278291338708,-0.7526200600691203,-0.1760875929546165,1.0064171230024936
0.2453588626768184,-0.12241440649595761,-0.12242096771501378,3.066890795848139,-1.6473161285996487
0.3074583417588228,0.04247291886136795,0.042463013408750125,1.4303489380111258,-1.111813827345906
0.04231542656887493,-0.2556180387786274,-0.2556216985285145,-0.053474680618764384,0.5917480014761582
0.07411027766993401,0.25927645492579127,0.2592609647681395,0.28619628625828547,-0.3336359467140292
0.37418783126528127,0.433247124409799,0.43322880253333507,-0.1386802746295977,-0.22892706542523344
0.30288906004740207,0.06295800039084445,0.06294745583544517,-0.08673497555838564,0.4630756550727783
-0.02273134415867391,-0.003085040518717901,-0.0030941021067568226,-0.21536224285976993,0.35308031792734956
0.28598942864826477,0.11048371912615938,0.11047210740170352,-0.195788782647567,0.345735547209475
0.17703449047343478,0.10377967020820764,0.10376767166228662,-0.02215445123690427,-0.15029961808370645
-0.12600593701662882,0.04703196588783837,0.04702267454106636,0.06718817252190501,-0.12105565684929866
0.19479957784089774,0.23110214615659705,0.23108746775993363,-0.12643087154237773,0.3083724558107141
0.175485549253084,0.3438253541164023,0.34380778633119397,-0.2328379751560432,0.2979902614470572
0.22529647579961076,0.30074046100894586,0.30072421891463114,-0.17850999605059129,-0.06835962164362605
-0.017883736190154906,-0.04060018320323767,-0.04060831284563627,0.7405694148475072,-0.42626694831025636
0.07675616204413606,-0.5728226201625354,-0.5728195154620447,1.1244298702197502,0.33342138289186485
0.25306906009772023,-0.7012180448649935,-0.7012113406246239,0.09975594916828226,1.092159041325779
0.17893593520155016,-0.7795401244728828,-0.7795321541228536,-0.2846387390163725,0.6605892076061373
0.1470235427531744,-0.7541804253881411,-0.7541731140386264,-0.26150854485563674,0.6121758807102532
-0.0933082028003687,-0.74020262579726,-0.7401933445418803,-0.20803612792362408,1.0279374719165657
0.1261688681653583,-0.7740652646346653,-0.7740575067798541,-0.1885313014642173,1.0445578255987416
0.2652426537949194,-0.802178268443746,-0.8021688941676313,-0.2120769307859359,0.8130259184694512
-0.020200649432892803,-0.796415960439737,-0.7964066259940529,-0.19654396283214604,0.8559973699468776
0.115034624560933,-0.707872387058529,-0.7078661603154216,0.851352489693966,0.5666139146759225
-0.3628382135626371,1.4630183786088444,1.46297890398537,-0.12880809711348853,-0.580272485539695
-1.7458094204439103,3.000275943779291,3.0002268482990457,-1.5570896878865643,-0.18415683825938883
-0.6339193710643952,2.571627363705558,2.5715649660685913,-1.3307282179008353,0.09976603705937077
0.8770503187381523,0.7971259617740193,0.7971073504083237,1.000182823173107,0.1971364903661371
0.21730773669881098,-0.5640446813156006,-0.5640414154812378,0.640060775076961,1.0914441305117089
-0.1501515502199619,-0.660934640657977,-0.6609261541740485,0.14102722242458746,0.8721876216881124
0.029364115532163393,-0.7037504905219257,-0.7037439980955693,0.18817701448086505,0.7508859826643529
0.18847899596357673,-0.7749851972830307,-0.7749772396522283,-0.0490684314599729,0.9030812042525094
0.20512259736537553,-0.77393199687623,-0.7739240181147512,-0.21769791376216907,0.7670735710675728
0.10105101965012867,-0.7846240028598577,-0.7846160526930629,-0.25608366953850425,0.8126189084241379
0.10874743129413394,-0.7858989131698884,-0.7858910239351994,-0.22357297147443886,1.0736894648577802
0.15294871095269388,-0.7883834881165493,-0.7883754087523438,-0.21985840237638937,0.7936789805363574
0.07976619814462454,-0.7635386790474288,-0.7635310232229732,-0.31051667601224187,0.5025098216349951
-0.006490434647834953,-0.71967043483167,-0.719663047572057,-0.3082303300277166,0.8038259884624005
0.16644434924199566,-0.6999464483365905,-0.6999403100072875,-0.25836004173887794,0.7336315221869733
0.1663281568517337,-0.68032787592194,-0.6803221781190293,-0.3121865221011864,1.070693609685407
0.05849739229844871,-0.6596377877398706,-0.6596324649641115,-0.3690647325512764,1.1200089448086041
0.0942355244071569,-0.6500425986941982,-0.6500375809338326,-0.2705607644850224,0.5671963711871658
0.19678146759732526,-0.33388920257961446,-0.33389128390434314,1.4575745185217108,1.4622116909316085
0.2449080955977452,-0.1468261401309964,-0.1468321531953387,0.7424058161714897,0.49244838695122645
-0.009597508461319959,-0.126657479966138,-0.1266637667895414,0.12125651307563697,0.17757673548802985
0.16307116928617604,0.0107842103334377,0.010774299959559589,0.14505076936524355,0.7748237633470317
0.4730273610742021,0.37411707978406844,0.37410133948184543,0.07198647783337314,-0.03433874781782894
0.10471048240156795,0.2504188061964591,0.25040351493340357,0.2958691185761091,-0.14066126747298044
-0.12383872210316396,0.09060604481288441,0.09059595414869429,0.35230384899787504,0.4139915728122753
0.14512064520344023,0.34176239071062436,0.34174504836765873,0.0003643859331537795,-0.029319989925013237
0.32651330904276066,0.16389489315570419,0.1638824403455066,0.16306603182469515,0.024752097194561833
0.2532771277474595,0.31602254713617944,0.31600614100866886,0.01910282021737275,-0.3169883967795082
0.15811498566209561,0.2369447909746629,0.23692980226467744,0.17508443355795353,-0.10307467422024447
0.1201597762760535,-0.4485447034750652,-0.4485442102610814,0.6585486784801027,2.277310507072851
0.041080105040958825,-0.8033145820762374,-0.8033059435417649,-0.021640054949293577,0.7362958110271354
0.13226591731197243,-0.8416796201866116,-0.8416703440812625,-0.24097774480505024,0.49104461200410376
0.07588767989838727,-0.8514962504505172,-0.85148666435741,-0.20443512282439655,0.5650360088277233
0.12164036820183463,-0.8593624963223232,-0.8593528231557882,-0.17862782179954545,0.8221128509677466
0.16974223380023673,-0.8629211843247059,-0.8629113416897466,-0.20105751045558376,0.5220165676697127
0.3967102234153117,-0.09184656221320019,-0.09185237686524733,-0.10335403328304306,0.6503267427409166
0.020003122939608636,-0.06765282167226853,-0.067660702098218,-0.07098682537887753,1.4925253198776225
0.01878595334711695,-0.09440883190478222,-0.09441611153632064,-0.0016163134508434553,1.520146505196396
-0.027227905287882846,-0.10115139233894847,-0.1011580727709929,-0.14603478164729702,0.9366055535410226
0.03661738067863175,-0.0414700060996914,-0.04147856400887316,-0.19091794548794463,0.45967870817664247
0.21845587867136995,-0.01184211149756431,-0.011851334688054231,-0.12470812787060359,0.005464289737578228
0.2570701487878223,-0.029606757433982524,-0.029615313048218052,-0.054264072969292615,0.7073459523583093
0.06601688412143718,-0.08080253410287251,-0.08081029837713714,-0.05687935254961304,1.1044936603989155
0.013836388845010301,-0.005397164478236999,-0.0054062637082065435,-0.13906285165441568,0.9415595259443246
0.046972108387566665,-0.08795215230725933,-0.08795957692069088,-0.03850426254019174,1.0398604665972186
0.13561792171950166,-0.3286509198811192,-0.328653297948485,-0.027627644092012845,0.6818397353603367
0.2936065018703631,-0.4026870707618313,-0.40268680122387707,1.6604886217471622,0.6798032242369876
0.11728666156060569,-0.5876997084378576,-0.5876961801192555,3.747231921012331,0.6941308995045449
0.1599303741108804,-0.6693425107025902,-0.6693370595712111,0.8273087162068556,0.6096707692001698
0.0667960581294041,-0.39040324051439396,-0.390404052841322,0.9176351006308661,0.48833765081937885
0.07048521460566844,-0.47803521048213876,-0.4780341446314792,1.3639960751600704,0.5380904406853495
0.16049352264830816,-0.8112501934580623,-0.8112415558522446,-0.22530594681447896,0.6742360840158488
0.0673964106972362,-0.8152350606462744,-0.8152262440023667,-0.22347367918921027,1.0147424343309353
-0.05504183024706067,-0.8061558811370433,-0.8061457906278077,-0.25694854598052413,0.6295184858703545
0.20821846406416644,-0.8217160562360117,-0.8217069149448969,-0.27544871959196854,0.340333393754582
0.17759394348402632,-0.7951021355859964,-0.7950937710180428,-0.20823381296380417,0.40458633253567744
0.04817739895139405,-0.7818688621213735,-0.7818607051410855,-0.20297102201397632,0.663090369496363
0.17941684095611188,-0.7763748808675472,-0.7763670263714946,-0.2420673402636696,1.029027766286491
0.10797374543844285,-0.7491324164482451,-0.7491252184495452,-0.27184905255328407,0.6991195327538207
0.14291667633934874,-0.7421973432138392,-0.7421903457189778,-0.25654925182215577,1.1576912458677968
0.2138713532323196,-0.5714723884917223,-0.5714689558714703,0.40162743798827844,1.4182036045817503
0.33867995791922945,-0.21934619113617626,-0.21934968019820725,0.06298960106641627,0.5010853055199322
0.2178214687847421,-0.08895801937378238,-0.08896542140091251,-0.17058992379980048,0.7393265232653279
-0.1594220960113654,-0.18447786435557917,-0.18448115121431197,-0.07049424647783273,0.7097511064072645
-0.26792752374011997,-0.19330550992693027,-0.19330653869271994,-0.13430551241051988,0.008295912154916176
0.18699627160853516,-0.14575211663694027,-0.14575869117593382,-0.1360915892245409,0.25847665439809847
0.34177068011640105,0.012099512954660874,0.012090826881406082,-0.06762746647803054,0.1199526376275428
0.30933266373064416,0.06333433850975904,0.06332396462316237,-0.09298349413413312,0.24952758844764955
0.1975921292378354,0.014612434168489,0.014602616952841915,-0.05237672383303138,0.5171781212544879
-0.025683672594437858,0.0511494739028264,0.05113937362199125,-0.24810997066468732,-0.18345406892686006
-0.10389005794769418,0.09137018494391234,0.09135971888267434,-0.25520058755386676,-0.40956000376363616
0.003750898602675787,0.112594687584707,0.11258284934007619,-0.21185318895551444,0.17629933286537622
0.40877849587995785,0.05506672203349909,0.05505742938913005,-0.24409008589685866,0.6634923446806679
0.17604085793934016,-0.10200061605231073,-0.10200790433299299,-0.1083845657106389,0.8822962270568289
0.03841360675647965,-0.2264854201873517,-0.2264897340973426,-0.16092365480529192,0.5028550919511628
0.2862048924807907,-0.09292667590051815,-0.0929337201342524,-0.11224800783196,0.3967469076358633
0.04632839428764129,-0.1399158306971331,-0.13992208848908103,0.009118036024861545,0.46063095887132455
-0.0517613103052026,-0.41347396733017805,-0.41347318689825446,-0.04126467839188997,0.5868740370748465
0.15314109633553283,-0.5531856876064337,-0.5531829342849497,-0.2143582516770823,1.0976593705199391
0.1051816415567258,-0.6562138452634058,-0.6562085993707653,-0.1685109946853112,1.135702218577675
0.03012132667279847,-0.7350951031305628,-0.7350878173150979,-0.26194830672825276,0.779465613890886
0.17054976155192397,-0.7332479833389173,-0.7332411867979854,-0.2519399157708856,1.00221859283173
0.18463252442333883,-0.6702112588590565,-0.6702056986606663,-0.3733431634959806,0.7651204844498308
0.12384086321299756,-0.6398909630200592,-0.6398863523295052,-0.4711653797782104,0.32261669387300146
0.09752298916974532,-0.7016603899314665,-0.7016543922356698,-0.3728481105209174,0.5274095378041548
0.06246252076835845,-0.7823131775444899,-0.7823051001469495,-0.27682099569574575,0.9610727521550241
0.13535494690143282,-0.81223890946562,-0.8122303392182749,-0.24073861106485353,0.7088825742971477
0.0703331671420568,-0.7920872212363956,-0.7920789691468416,-0.20589396230561713,0.61179659475009
0.02642276340095109,-0.7567593535495276,-0.756751446933391,-0.19239378630981452,0.5797710048682923
0.09270563271722893,-0.7412557814232279,-0.7412488050707212,-0.1893580212379111,0.8280552135478115
0.19383283212384037,-0.35558820292483784,-0.3555897074484279,1.6317742634904542,1.6434066705664492
0.07903889999844985,-0.07462268961376586,-0.0746306822133679,0.3082347233077651,0.5771401811559194
-0.10454551771931267,-0.13810686417503956,-0.13811199831102391,-0.08053765454134752,0.41763139559202683
0.2887123933518136,-0.16770206876921714,-0.16770725483516943,-0.12928182233563792,0.9164572399792488
0.3392986932326284,-0.16705158239185475,-0.16705615614660999,0.003580581094921063,0.6988933343552713
0.1470075194001747,-0.17976333827760096,-0.1797690595499561,-0.004113313377990476,0.7223726427981495
-0.025807150891529566,-0.2773666562866015,-0.27736946944225493,-0.035884274274661884,0.813145634189023
0.06911835181301801,-0.1706046727901365,-0.17061051015663187,0.2186589352331537,1.2226394734917607
0.14463167135212163,-0.08085277819728258,-0.08086063090299278,0.03583752678209928,1.0167218373862181
-0.11312262777699472,-0.11096914212367436,-0.11097479606558582,-0.06665181671998943,0.06841054672795133
0.2305169806342576,-0.14979170600284317,-0.1497976524767116,-0.06951748819723676,-0.14462066101485072
0.4611933865497051,-0.146461624151943,-0.14646495861169445,-0.08227928693820823,0.1919633414908885
-0.075457613097917,-0.09261786727747731,-0.0926242915277912,-0.19070813412322843,0.34374852327505706
0.008403220674232522,-0.18176683273741048,-0.18177206122390827,-0.2176736892824563,0.2673720374892771
0.38010325927678973,-0.29768228714473427,-0.2976833902866918,-0.0923325424544825,0.22295352912778651
0.02483269694233158,-0.21429500275715094,-0.21429959039758956,0.2207323696507672,0.05059041423966028
-0.03544880861729269,-0.04206621810769103,-0.04207431483092234,0.05149498115734796,0.4016397863184676
0.06233232333156456,-0.20277181973578254,-0.20277693480317813,0.4967084816825033,0.7956090171410917
0.1351725337990259,-0.3900567264301292,-0.39005763609753275,0.6332154878823301,0.36826468794092465
0.1555677033807444,-0.4575994774304162,-0.45759896001478517,0.10524950599475345,0.7359406114201212
0.17989438714082248,-0.5569325894491065,-0.5569295728732848,-0.154042113324082,0.9311604815143635
0.11166301219066413,-0.6158289676892473,-0.6158248077405332,-0.18137480772042802,1.2374421175746928
0.05168806225083727,-0.6550288548656525,-0.6550236355814488,-0.18144287298283904,1.0674992577819415
0.15235486210176435,-0.6522688330163924,-0.6522638548265713,-0.15517817070593679,0.7967485432823769
0.17305972952691384,-0.6135825819922898,-0.6135782933658667,-0.20329808159625967,0.9864964730927863
0.11882417319093065,-0.6064667285358398,-0.6064627788120773,-0.24586433061790627,0.9362861744211519
-0.028759038223465733,-0.608087794683473,-0.6080828234031849,-0.2766546594067354,0.6388508884528828
0.1573112688423158,-0.5854813555422375,-0.5854778770357715,-0.23986398569970258,0.6318258472516666
0.13494754327787076,-0.579824998988651,-0.5798216474931771,-0.18639276313372885,0.8162386500558312
0.0645460387950599,-0.5924073382675834,-0.592403614681575,-0.19964671664568046,0.9121691677622413
0.1591088438772184,-0.6196239641463555,-0.6196197189826693,-0.18296861225345887,1.217840632416151
0.06831194733735732,-0.40727128461633955,-0.4072718077384302,0.5132513791707402,1.2940024191870048
0.0944807960873005,-0.049926329005402344,-0.04993487615089137,0.3074627930144763,0.06820710505081103
0.2908383804447242,-0.021126252878555508,-0.021134819799472047,0.18714836341557745,0.05281477090361857
0.2555170632431361,-0.06606059438096351,-0.06606833144036559,0.09272301774361544,0.6490319836188904
-0.06622662303581361,0.05491249684530991,0.05490284942538127,0.05341453618614944,-0.2884504562802004
0.0893688669082151,-0.03840538502567433,-0.03841410130922544,0.0719518163122969,-0.2852194534547251
-0.022436214923205904,-0.15464979943080237,-0.1546553681393615,-0.14775939443349737,1.0230958683805547
0.14833987351197306,-0.12076477017699332,-0.12077172667652376,-0.20760700411955166,1.2324478764914335
0.33125962726254793,-0.065908070864421,-0.06591509487143501,-0.11936328228813173,0.2950148125959415
-0.020576336537187028,-0.07199584596127535,-0.07200344974722049,-0.07938104571215786,-0.0956792438562321
-0.036270564531982845,-0.23246733339544903,-0.2324709756262894,-0.03176986031217303,0.5135511979414074
0.16609498731672542,-0.1693996205792855,-0.16940548500469688,0.014067637772707897,0.14554112682882808
0.3332112757612014,-0.08755387158026905,-0.08756040954037321,-0.14344413465083367,0.364178024652547
0.15862883315309795,-0.1396760741182815,-0.1396826955324759,-0.14453516382319406,0.6972085716314353
0.10818910027729037,-0.14614376980067503,-0.14615033554526952,-0.07818073897789796,0.902333612255498
0.1749733815470072,-0.15442705956841765,-0.15443317063642945,-0.1092176738934057,0.7338944964125348
0.3281596316267645,-0.12771305375707742,-0.12771877952010952,-0.0863820722903554,0.10936646427293074
0.09380548664343208,-0.24519001580440028,-0.24519408883025393,0.06822913874226116,0.29374742870329607
-0.05675930390430767,-0.40396189151019646,-0.4039614142273954,-0.07279457585456606,0.8246246980682546
0.08588946556028695,-0.5386489336604489,-0.5386464171957098,0.14333760969121115,1.1655892781073394
0.08375720556061621,-0.6844270237954769,-0.6844212339480082,0.2651082153585966,0.8750604965559737
0.13197313785198234,-0.7381938471991792,-0.7381869396010554,0.10542633928108362,1.006327084647543
1.3487254730504405,1.505634147711809,1.5056089413113047,-0.22680754487013458,-2.3786256595695914
2.8880602316576294,2.355783749573197,2.3557935474696237,-1.2161191391404726,-1.8406467901435335
1.721358579605716,1.0385138168031216,1.038517548672497,0.46877357744353215,-0.9811298662366691
0.21883078615029417,-0.6890501074128621,-0.6890439450771259,-0.2311668219049419,0.6712618580526443
0.06749030426318124,-0.6882261400892034,-0.6882201753745991,-0.2832551078233355,0.7979301940712956
-0.0010365345971516872,-0.6639470472809406,-0.6639410903847315,-0.33022126822865355,0.9612610060087039
-0.06947542453498601,-0.6357680813051343,-0.6357618615586347,-0.3306765135142959,0.7762352292093537
0.26733815343257067,-0.35355524267704097,-0.3535563450515842,0.3823679234785315,0.1332316700987581
0.27668345093543945,-0.06930666738951674,-0.0693142420001263,-0.010796472041533504,0.04777685001515814
-0.13802601632353326,0.01768422017575527,0.017675946058289822,-0.03111304323119306,0.2411110714400835
0.0001551945885287126,-0.052357032610195815,-0.052365077377034545,-0.022014350674556076,0.46362323162417113
0.25587886070596966,-0.17683135803035985,-0.17683651822145666,-0.11799335076894278,0.5397304266406809
0.3223894190986514,-0.26112652902228334,-0.26112916948490567,-0.12134998840218998,0.4349159017336689
0.09375327482465477,-0.2477093854581527,-0.2477134914723263,-0.0868433553765372,0.8161830639530594
-0.10053132927134852,-0.23119931933367063,-0.23120227355997122,-0.010087179068394299,0.7512202455383754
0.09341881297635765,-0.37883653052353666,-0.37883769213549146,0.06080691161297354,0.4642529667444518
0.2954741047024823,-0.4158167213793375,-0.41581606746121397,0.24012690531881223,1.0789835965473935
0.06745198465042175,-0.20912227919788595,-0.20912734122816926,0.13648851800073344,0.9828227977862787
0.062174669746048745,-0.10612699067219465,-0.1061340967372999,-0.1868075372226584,0.5662056268449974
0.18016811771152907,-0.1859075372237928,-0.18591294141156095,-0.1595737284916289,0.7800954677661999
0.28514593554727097,-0.13403977937779282,-0.13404581087526377,0.012356095127823739,1.196296521807346
0.23702838095000606,0.0024091198584396405,0.00239966622248859,-0.044917106008140174,0.7713831654726256
0.10037279943390835,0.02951818217680801,0.029507672020544256,-0.03509569120212122,0.2601143974335766
-0.07491565036700822,-0.13663303740567767,-0.13663847331475587,0.13014938393068146,0.5264274668910877
0.0039949418599501685,-0.16912735311581564,-0.1691329549759092,0.11719069101691419,1.0263248391668942
0.23738749075695875,-0.02759833708256419,-0.02760711691430214,-0.019498186435766063,0.6905055833201927
0.1624351898905796,-0.04791943120229946,-0.04792793385213912,-0.11092771913119436,0.6689606901892113
0.09214685418516473,-0.2210252036814623,-0.22102990887717067,0.04226435420072905,0.7075460545735421
0.038643073070980305,-0.5012740445442824,-0.501272188196888,0.16002511118211246,0.5825636272104545
0.12648999551867277,-0.6610855520645385,-0.6610802863395245,-0.17876062276300686,0.8533369470945583
0.20762394329926667,-0.6895199479106789,-0.689513864584536,-0.2264459224597977,0.927447493882355
0.10310999999413151,-0.6921801085027782,-0.6921742341228659,-0.22671571451667472,1.3271799431735958
-0.03902144187542421,-0.6889836526569757,-0.6889766857765608,-0.24353574589381358,1.3943772467841486
0.10946744738031464,-0.7046100138268337,-0.7046038603388787,-0.276086555815199,0.875437270597918
0.10438509780326162,-0.5994514528298757,-0.5994476606310355,0.8355014088924555,1.1373849116013417
-0.0023583586373404396,-0.5790169736414716,-0.5790130133722688,0.7803030255791417,1.2500402104704744
0.15724773963288746,-0.6876112992547557,-0.6876055274654405,-0.09174063979510938,0.9421592685435295
0.24443940739339007,-0.7088659841768628,-0.7088591082053883,-0.20298183096573347,0.8757600794511234
0.11126804602808323,-0.7155254313853382,-0.7155190327964952,-0.17393617380687237,1.2087437697779706
0.08392897446862087,-0.7439512293115795,-0.7439441924339792,-0.1434170410298578,1.1566187533373389
0.13138488999384268,-0.785931603177838,-0.7859236236494547,-0.20644658604224733,0.7412945870709534
0.067767507244253,-0.7641103063782171,-0.7641026377181218,-0.3179704702546933,0.5375724191610859
0.2143298550157217,-0.7175022364687944,-0.7174953456933922,-0.28459298282420004,0.5648041202768606
0.22705124837587623,-0.5556621572223566,-0.5556589004945666,0.2390685631992411,1.168214050836311
0.01897441752209152,-0.13194108086743447,-0.13194742816921864,0.19996065651271275,1.3864197009511705
0.022690583914135736,-0.019707416971881293,-0.019716463550405183,-0.11421172215763076,0.7958587726988217
0.17812157546964666,-0.15527529810345814,-0.1552813901246477,-0.08996856972423802,0.4574591606661863
0.34598061608161235,-0.08920843379084217,-0.08921484503882697,-0.1045974163650094,0.6545019722609103
0.1817047336702735,-0.050768029538852934,-0.050776468224673105,-0.18874357032166864,0.5285753864721341
-0.06826273778837195,-0.057674219136097944,-0.05768160714993069,-0.14485863844257874,0.6090635216339793
0.08383048521628411,-0.10717450391322872,-0.1071816760165406,-0.12086663314791604,0.7023191729315145
0.06266353588596753,-0.18191881888395928,-0.18192440219629336,-0.17003303861338445,1.0325471451954982
0.03132740712022443,-0.1512854154619716,-0.15129150751456188,-0.09153688500165487,0.3036317258942528
0.3089952911099952,-0.003612737852521996,-0.003621518912386346,-0.061193587918481694,0.438954753651221
0.12323267095427869,0.15299882091697264,0.15298571717672685,-0.18772957210323402,0.49644770654397585
-0.2255385948124146,0.15617342371636503,0.15616293548144972,-0.21321167910711475,0.4489979825392372
0.22083632112353618,0.005587394686122249,0.005577690564102386,-0.15036751274427299,0.7346492426716773
0.4166411818682991,-0.01659085013180748,-0.01659817549837449,-0.040616639512569434,1.1614058432269465
0.04261189963228337,-0.13139717287215405,-0.13140362194680694,0.22500780825563027,1.554637658446515
-0.01931591825311616,-0.36482344363640323,-0.3648242034288083,-0.03316680270895763,1.1295250358923252
0.22495125563411875,-0.1897433738004214,-0.1897485127368616,0.1025304145842057,0.9939809300032325
0.1379821170610579,-0.18980346967804912,-0.18980887594402654,0.064700004018497,0.8926526744386747
-0.007023667626245194,-0.5060041543520776,-0.5060018335535351,0.16722424727684712,0.8854582270360437
0.1154535693327564,-0.7046995754924489,-0.704693419993426,-0.14333945311959792,0.7206416475073084
0.1296228353575832,-0.738010335346334,-0.7380034318688878,-0.17183003313378467,0.9582068480909
0.20449165988911283,-0.7284453285819739,-0.728438371203573,-0.2280073626824414,0.8057615648566095
0.03332766936399025,-0.7004453963757322,-0.7004388886041527,-0.21213560266327622,1.1660936341925294
0.05521441038173793,-0.6859877253804855,-0.6859817213688418,-0.24023884422782485,1.2334166125115875
0.10214415443662965,-0.7051254412124486,-0.7051191865911443,-0.2820838928393122,1.063309440236187
0.20879292999224522,-0.726436102175565,-0.7264291899134571,-0.2727740087146121,1.4563499256799668
0.13273225766426755,-0.7406249090506352,-0.7406179468640894,-0.28723768882829653,1.0927230731115074
0.017151632890520067,-0.7432151219818891,-0.743207564275327,-0.09530083998035596,0.39599783501314634
0.10469255486489312,-0.7383583719789142,-0.738351460686459,-0.047180814217268684,0.5191451465871141
0.18828100702339076,-0.7125702546667028,-0.7125636537560862,-0.17162489102739262,0.9658333041624273
0.26383399385003004,-0.6452729026302011,-0.6452672754940209,-0.135284952448932,1.1510537033303294
-0.1385838998251562,-0.3275554911489811,-0.3275556548223523,0.5034552881575262,1.2992993525613585
0.0026689734954260295,-0.21158916571558792,-0.21159372455474956,0.0921308056450543,1.324349128742597
0.14870514851428604,-0.24506794325416692,-0.2450721085807604,0.03010322427979728,0.7508454785962388
0.12764049632280203,-0.11362849666078315,-0.11363570296184304,-0.08451324785721108,0.24940763731966853
0.0020487917718010912,-0.07039564768173058,-0.07040337695907699,-0.13843808303001662,0.883886390210479
0.09886374733528566,-0.11602731631261766,-0.11603428962993098,-0.060697437336669414,1.2313805025126805
0.33085110356865577,-0.17977641428078076,-0.17978106054366544,-0.101563024569716,0.908357139035893
0.23959291757178333,-0.16123168623685513,-0.16123737583101214,-0.1421561137286806,0.7384729716944286
0.23079765602569452,-0.05261640319381711,-0.05262462125591285,-0.11866085004280236,-0.1329020053081634
-0.06930130136352845,-0.0100665514767452,-0.01007491894010694,-0.08771839936440746,0.2306182260115281
0.030219477403592973,-0.10212259904087848,-0.10212988458248652,-0.023619328110547816,1.2608000011318556
0.33416703491547856,-0.14658360714051075,-0.1465888196139335,-0.01724582612954216,1.2331715404333639
0.13135699017673583,-0.0641907259262517,-0.06419895277099812,0.02511710322598943,0.9268319232132023
0.04804148768129618,-0.04572167748977083,-0.045730229489200955,-0.03684470897144146,0.4688261605771019
0.09278462620620082,-0.061999420653647365,-0.0620077862628419,-0.041973100223032155,0.571466046327061
0.06595615540840379,-0.1324926911659578,-0.13249938432019415,0.000574271471883117,0.970964602129901
0.07459241441192208,-0.3258766577270263,-0.3258790085295708,-0.04978400484850667,0.7012245720801454
-0.02042260672409271,-0.47091174428411153,-0.47091003235085327,-0.1873837813813915,0.4123293435820398
0.1364421402501838,-0.5128886700262437,-0.5128868215565195,-0.2608173663060752,0.609548228869831
0.18143066457802468,-0.5018814517604839,-0.501879850452992,-0.24931062072833549,0.45681693171446863
0.12648618586904392,-0.5172107368854967,-0.517208791365667,-0.18303353810923378,0.6371389958596166
0.0786429221180779,-0.6231177647220001,-0.6231133515469081,0.21135245939749256,1.082598117761428
0.028497202895383204,-0.6413870906441593,-0.6413819985604464,0.3399796628936567,1.9205833977434326
0.20724387593138036,-0.6369863886424963,-0.6369814849342609,-0.021793033738262184,1.4992948144134033
0.16527670637695757,-0.6643116528216595,-0.6643064042156303,-0.09853693442820412,0.2830340923241434
-0.025370724815973394,-0.7213699569983819,-0.7213623524574391,0.1229892883341937,0.1471201649286467
-0.12705535379759433,0.6964468274827998,0.6964225955730676,1.8148650724565298,-1.1325139668317368
0.3739291187411762,0.9676384762252973,0.967607975707372,0.8315866935596569,-0.8794452976109982
0.36272372742948894,-0.18027088423664167,-0.18027498203849424,6.249082550093766,1.1503008822772982
0.009346875118817237,-0.8070442432982793,-0.8070350732176359,-0.3015874149571427,0.3396719689746334
0.0016714223180241822,-0.7762412548624494,-0.7762326868896735,-0.20948178219158237,0.7695739109109628
0.061013079235856874,-0.5740480924331466,-0.5740447810959074,1.0910124624983673,1.0055334981506627
0.3340640628172642,-0.5305694862436462,-0.5305656286852088,0.7492385441747825,0.7466916829955873
0.07920103130072902,-0.6547221957225865,-0.6547171624435877,-0.1513997609014064,0.6936373475298381
-0.08123209304910811,-0.29004697602771684,-0.2900488775348003,0.6432947118780469,1.5949175439971737
0.3246497376944627,-0.09282699376668854,-0.09283359244046843,0.00461350587832986,1.0516521588824768
0.29931464185750234,-0.2375087595529223,-0.2375121990211069,0.055550343930745934,0.6506880838509046
-0.06662472436949601,-0.24607300426569942,-0.24607616186789108,0.023663690095503474,1.262085627893106
0.0596881213068452,-0.1474334577855323,-0.1474398154514427,0.09545384973961907,1.160184503460835
0.2639257639626646,-0.03587025251877367,-0.035878577929334556,0.07618022610671168,1.2233637289686856
0.1677368142320659,-0.07948346989169351,-0.07949135334461788,0.03020262268117468,1.2974946309170143
0.09073416275645406,-0.12603144392348853,-0.12603828216218246,-0.17385520768812038,0.8093396326271087
0.15229995749799188,-0.11691863400881901,-0.1169257664312956,-0.18880574235822903,1.157657546075654
-0.048988039248830176,-0.1195578371711644,-0.11956410429460688,-0.17351482772290538,1.7318404136708676
-0.0686099788248889,-0.105765788474769,-0.10577218617327394,-0.22945470317058386,1.2037438937743812
0.2982514175009046,-0.05021919565196368,-0.05022701974402493,-0.07404837213814326,0.36360793988812695
0.10677293515593596,-0.010763789043558656,-0.010773215566612865,-0.03765258705414748,0.6226276411822719
0.12773786534452383,-0.13239874097872756,-0.13240543624257395,0.0068328681031718744,0.581033106247524
0.1063820030417335,-0.13895805824504534,-0.138964606222315,-0.006653720522183182,0.35514974686575407
0.16445495302682456,-0.15249351276945353,-0.15249984637371514,-0.04748197323705889,0.6259463503537185
0.3593256687048713,-0.29814800780593276,-0.2981492796096472,-0.0651032389012474,1.0567521706731504
-0.035839298345388806,-0.49152964576369523,-0.49152729174524207,0.11714017374127436,1.3951244025655207
0.19707760726830573,-0.6153184661952413,-0.615314138590304,0.12266851670746201,1.0166918953749342
0.0345482036554473,-0.668119367035285,-0.668113674690094,0.29685915106376987,1.1277894854938426
-0.06677755145847768,-0.7730237968060603,-0.7730142263640316,-0.2151815046600591,0.8079377776915666
0.14110935598732083,-0.7753137542533396,-0.7753059683642445,-0.2318507706671858,0.33185191945041564
0.2284535174443771,-0.7560982541147898,-0.7560904071231768,-0.27162404996445905,0.32072325198723534
0.2198639744136889,-0.7665099320850421,-0.7665019408634461,-0.26246351872477697,0.6834864599349608
-0.022623550693039646,-0.786296208718557,-0.7862870567276079,-0.28769959941923356,0.6360836124986009
0.16526001110998767,-0.7836544082679087,-0.7836463903132784,-0.2845840820956086,0.9228715691636025
0.1230323306357666,-0.7423910650965647,-0.7423841528114183,-0.1822248235753732,1.3645321424215937
0.020919110941786077,-0.5916417651499056,-0.5916377005158858,0.044967305134962963,1.7559745742939756
0.19888918991429738,-0.4749147029287779,-0.4749136175880848,-0.04343800361291443,1.6758900763673352
0.21792937509089044,-0.4722586621732969,-0.4722572782342095,-0.03025401958787494,2.0372633731434124
0.04113915140450953,-0.2008660370531591,-0.20087101579475533,0.20616592127845615,1.2646967722488387
-0.007755335777783456,-0.09341630952643583,-0.09342334276566293,0.020577200368641677,0.6635095182874833
0.0896308338553286,-0.3612425891217808,-0.36124396667862224,0.30222866458763514,0.6530546003690009
0.1175636420663457,-0.4535493197879707,-0.453548803757189,0.2770019519558669,1.1800311387711018
0.298640224879518,-0.1729679364607218,-0.17297282516462814,0.14281414840365358,0.846416863620997
0.0824939867801504,-0.09795601123313338,-0.09796356945294238,-0.13942729806176574,0.8343990416899325
-0.11094802693897172,-0.39201669392044974,-0.39201576838455665,0.16976325623589644,1.3973737204359824
0.18411968480329183,-0.5096399997293877,-0.5096380450878133,0.5382673933703549,1.3238706926700983
0.1750995474999798,-0.1990756097958479,-0.19908080786000776,0.3139767709868344,0.31329516211327113
0.31030826229894276,-0.07560392722224477,-0.07561091263238898,-0.09218223105929486,0.11759344172585323
0.03959166685261326,-0.1491828657999918,-0.1491888259450985,-0.08889274524243843,0.32497875617220773
-0.004940600961600061,-0.07019861201737738,-0.07020625615941821,-0.05612220101480258,0.16506669105691826
0.3550817780031498,-0.11827513499622512,-0.11828071444494292,0.001475076465741869,0.5940336298030535
0.2395717343298215,-0.3029947269023588,-0.3029972332699515,-0.07865474839026407,1.075874734061497
0.06673824275327975,-0.26095689922760834,-0.2609606182150475,0.2168324423932883,0.7191370586232934
-0.059633187666327296,-0.21656351018551548,-0.21656741997003834,0.30833715873377615,0.6615451977948462
0.08839416849947206,0.03340838268446495,0.033397785175464274,0.3476161423024173,0.029836046811275618
0.09886509116322609,0.006416019216393039,0.006406386047629297,0.36962734672796566,0.08032104367106929
0.2156878700862452,-0.5172975221394777,-0.5172952164323052,0.4151906547415209,0.6365322920030199
0.17819407037083027,-0.7360566371726064,-0.7360496880049368,-0.17598310915125168,0.06193268904047714
-0.08191098261474151,-0.7442671580870368,-0.7442581885828223,-0.20473587187882994,0.1581510643458652
0.004570192542513241,-0.7515619109705528,-0.7515539867212155,-0.27401623449180945,-0.3090238638915632
0.22069413181756392,-0.7430370733906463,-0.7430296988013959,-0.22134195069232843,-0.009109374699438358
0.27753534552561815,-0.7394374109262447,-0.7394294006885912,-0.23534643977331232,0.5974415591424087
0.10131971086605862,-0.7205359587681742,-0.7205294476701484,-0.17937292700535717,0.724744647347839
0.005722489097636149,-0.7161559455112684,-0.7161488162872723,-0.16205058895919566,0.8875824802351716
0.12424512958175545,-0.735750067591206,-0.7357432148670756,-0.27766216627200907,0.3884634249462568
0.13308195682880147,-0.7148370604234205,-0.7148306772916441,0.27934604687714254,0.29938643990484737
0.10449501600448492,-0.6939298747639002,-0.6939239610937581,0.2554582553058812,1.0163366768480622
0.09924201951317523,-0.6961368533279871,-0.6961308005414601,-0.2550406548035389,1.3678960883186069
0.07225264583596823,-0.6659879785169771,-0.6659826027101391,-0.08500102621203744,0.44633105199989853
0.1514677843522062,-0.5577550342244499,-0.5577521783003025,0.0582751521791258,0.4671671616781418
0.1928132052385926,-0.4617311361885714,-0.4617302573194013,-0.06616703063980331,0.8293777066671862
0.15807834583426167,-0.31675722024910125,-0.31675968626493833,0.05177734918174183,0.2881357267432548
0.15297549005833133,-0.22549728633062047,-0.22550180154803046,-0.12871992341077693,0.4145698715588739
0.08583545855151288,-0.16968478492260394,-0.16969064294477573,-0.03078152095798574,0.27403600792532734
-0.014233458400106206,-0.09165472112545267,-0.09166188348002505,-0.06726013511833537,0.23978850799624013
-0.02239463832288085,-0.0745243509049205,-0.07453162923543849,-0.14870582315748643,0.2924530601717859
0.25349741294740524,-0.09010190096701828,-0.09010927730879166,-0.12370012765744878,0.26490986370339414
0.22962878217323004,-0.079590854328766,-0.079598377131802,-0.2006340814760081,-0.04276782983764158
-0.10821519381955498,-0.04042231373532611,-0.04042973089446879,-0.22585475909679675,0.2356520060653799
0.12431594341573494,-0.09872794322906982,-0.09873530499617715,-0.12974023796316758,0.7446323180572799
0.3522039550813658,-0.1199554909664954,-0.11996112224321542,-0.04858541884584449,0.7631879220443465
0.18635760455705783,-0.06363374192779148,-0.06364198127936796,-0.02947700405227975,1.2976348878538475
0.03276161005421061,-0.07647724302365748,-0.0764850148607714,-0.08144959698379611,1.211191147131751
0.2507060976670082,-0.11263024233583739,-0.11263693369433064,-0.12725393990993794,0.6097719776222126
-0.06584409369307458,-0.28311123108081887,-0.2831132883269966,0.20266491098067943,0.662966828910142
-0.2333441219512589,-0.5830060502279677,-0.5829974328434272,0.3255334392220242,1.1883889416692808
0.24229807399056424,-0.7014593239921606,-0.7014526143339745,-0.11753479248053704,0.6648594332165151
0.31098155087178625,-0.7061348907455962,-0.7061270909434205,-0.0692362217938166,0.4700842297697539
0.175425384742621,-0.7190428762407051,-0.7190363091095345,-0.21570826589889952,0.742169732965659
0.08467162405382506,-0.696620396760643,-0.6966142435567069,-0.28079980960747647,0.6840930159882992
0.04205603700168536,-0.6695337248586785,-0.6695280007547062,-0.2779871717353094,0.8652959493892874
0.1505169517121916,-0.6879556638590458,-0.6879497947775205,-0.29210056999008793,0.8132816379976254
0.14294054339035572,-0.7124940376892643,-0.71248770716903,-0.3495308609189931,0.4652751700956921
0.07051098327579342,-0.7369565527887069,-0.7369495834138288,-0.2774635578483419,0.8642996078890138
0.12775949033145273,-0.7567928943933004,-0.7567856587214281,-0.24553299656089358,1.2310196429832705
0.10589616564379496,-0.7000003644592908,-0.699994224919325,-0.22966665742042255,1.477837147361082
0.22862797913737692,-0.6051517841612791,-0.60514741616574,0.029574717050742053,1.3435033632506899
0.10281755584998722,-0.37009002782123285,-0.3700912962723943,0.4115665670392082,1.0488650797289136
0.10533581760276217,-0.2083953967197539,-0.20840038551220816,-0.04440450566357753,0.9705397851065002
0.01229528491127396,-0.2537001652711459,-0.25370368896672785,-0.055155332857140034,1.2015456553421395
0.0440902539819614,-0.1756413521793322,-0.1756468973301038,0.024506119294704025,0.965217739134869
0.058971912305736215,-0.018499498787730606,-0.018508572489524665,-0.087103300140157,0.05649161074289462
0.16848125644270973,-0.11959428876906975,-0.1196011819915895,0.049454186932948785,0.17642349564886092
0.17894657811367384,-0.21940494358881976,-0.2194098642860631,-0.14480378592296708,1.0740183879021044
0.13042744656666497,-0.12271819966572399,-0.12272502274220214,-0.1571610299683947,0.8884850017010881
0.34805796891295354,-0.08995797537037484,-0.0899641906684249,-0.12080340269191348,1.0061136198437846
-0.03841469843120362,-0.20298426000662154,-0.20298865382652814,-0.021214745760799687,1.508213677931704
-0.06375383601021384,-0.20851496154335003,-0.20851896249482887,-0.017564956916805347,0.982736884399941
0.10899348772876183,-0.12053504450469062,-0.12054200616260972,-0.1331861773547169,0.1015645511962783
0.34534924263063616,0.06817711689289806,0.0681671716217756,0.18899245036994083,-0.7924933956619475
0.5458505666044191,0.062004706022037455,0.06199776525862475,0.1982036302528197,-0.5570917734349915
-0.08399114620070616,-0.12853254299745548,-0.12853807123990896,-0.04549451501237209,0.9964411755840232
-0.20696149684738677,-0.17610599810054325,-0.1761086669089501,0.01064071334261307,0.8458372057539006
0.22463775391131244,-0.3003032197272942,-0.30030569697183906,-0.21261445132989645,0.7661242222086092
0.11876008234348903,-0.35692607508579605,-0.3569277286873658,-0.22699501440300365,1.0003396543446843
0.04698331037314647,-0.44356677653851306,-0.44356612642271975,-0.10971423857645933,0.9327520332242678
0.26252102266108246,-0.5855297188416696,-0.5855255227719907,-0.15675744792821733,1.2369233771874466
0.22120551476915642,-0.6459972773816959,-0.6459920817782728,-0.23048517179760336,0.9865141943469768
-0.02780326881096,-0.6429003245463918,-0.6428945715660971,-0.22189991058013459,0.9501337103691566
0.068583323644611,-0.6618669775970301,-0.6618616047657959,-0.25142824647715734,0.5429061778315774
-0.5471935166396957,1.0704187271918468,1.0703914714872913,0.6338515672046662,1.966308823426694
-0.25342456331071966,1.319551875063342,1.3195143680817758,0.041721518953054065,1.5239574233740374
0.527933421515116,-0.09291064436237303,-0.09291392745059743,4.870292237827568,1.8473106628934879
0.15868227852385874,-0.7186653738201375,-0.7186588151656172,-0.2687341228657363,0.353269159217832
0.06155975562278574,-0.704282576377345,-0.7042762511225443,-0.25668636251169574,0.49073653193894795
0.04783677447229376,-0.7012120442333973,-0.7012056983663875,-0.27076795408279075,0.5826020993225742
0.14964533567761987,-0.7371495581781073,-0.7371425844693784,-0.28007599918381126,0.6724727309959763
0.0965421281301991,-0.7320140922717382,-0.7320072338776316,-0.2394278196710683,1.0109445569469522
-0.0004982648285219545,-0.5741732100800109,-0.5741693585753829,0.031168111942387406,1.1768212840468966
0.25109579751150574,-0.3563228772678784,-0.3563240966157164,0.1522876206597635,1.061804992062902
0.25832093459528194,-0.4071069389599359,-0.4071068388547539,0.3060385422204264,1.0449148162260962
0.14891053107270155,-0.4854721425098188,-0.48547090966613,0.3400432029629043,1.278196587094562
0.159456190060578,-0.19247652714999702,-0.19248187339364767,0.2354739747637308,0.4277406979192108
0.05034091577346559,-0.10238707463943983,-0.10239426468271039,-0.06169331731808132,-0.12762932856475692
0.08968484086410268,-0.2918944540660249,-0.2918974783643128,0.2048078385811352,0.4248495207728481
0.20497884367954894,-0.16955133804083747,-0.16955701994019104,0.2770660283369292,1.5115675500734433
0.10378149978837108,-0.05515350605736131,-0.055162114948203785,-0.05647533853063582,1.4891254917878032
-0.14648099191206404,-0.1583648173205162,-0.15836878009585953,-0.06813748295428482,0.7893749359732665
0.08657205578187083,-0.07937939923624877,-0.07938719546637928,0.0415756881296905,0.14824910874698768
0.4212700638876124,-0.016909779223062804,-0.016916918308908617,-0.022668163186306656,0.4538995913240683
0.16031805821346728,-0.16176538420225545,-0.16177133049142361,-0.020765586887456864,0.43853609826451245
-0.0059462253648730696,-0.21016065714902726,-0.21016497938575518,-0.04393456751333396,0.4204694929631041
0.03435951379944457,-0.06445027563320423,-0.06445831753056733,0.03854402226490488,0.6969925703937322
0.12665436880488762,-0.012816452857790846,-0.012825833289184279,-0.04367822401723438,0.5629497799752538
0.23623284506749723,-0.022135075480043852,-0.022143888427257383,-0.16823592682078048,0.6862047269893528
0.12603855724691107,-0.04421095131417553,-0.044219447676641196,-0.12973635924337673,1.1478080600041698
0.021937732520635658,-0.22271012729667894,-0.22271461553886143,0.07358917600001422,1.2880216527263422
0.1755061682924754,-0.4620164796552211,-0.46201577349809836,0.012008985517805508,1.1311077304895722
-1.175740948748297,0.23610989712779906,0.23613039278818754,3.2406047333551955,1.2858529326118922
-0.9098630930319025,0.5573229899796415,0.5573197939652399,1.8827743957000835,1.1930741904956073
0.5711943819356495,-0.06734768507751793,-0.06735073613382953,4.520406386399471,1.9742126446999348
0.2964816371362662,-0.651642080480418,-0.6516358625288851,-0.13898826472013964,0.630696730360792
0.10171321907790644,-0.6957649932923533,-0.695759038415434,-0.3723830431396998,0.6093426432564651
0.017969583002417085,-0.7505123825920424,-0.7505046162488839,-0.28162833710427426,0.7208693575802503
0.15935053030648275,-0.7691723317187819,-0.7691646837326216,-0.26367082310570444,0.8576685350424496
0.13279444368689475,-0.7479699508093941,-0.747962868473002,-0.2718702966943231,0.9520679292345902
0.08118113099627404,-0.7120737247925327,-0.7120673141505847,0.38938213710017205,1.126497927899502
0.17312998300515864,-0.6786416088817392,-0.6786358593835566,0.25488578164168973,1.018798435902726
0.08556542350764249,-0.5870948985099589,-0.5870912942124425,-0.1171752795246798,1.3552111733137422
0.031070479527887558,-0.4441789305229922,-0.44417826666155114,-0.07707726497064617,1.6201924368774652
0.3222567596870048,-0.35498142264029564,-0.35498186607301485,-0.03918988956950525,1.2151074652268543
0.05232482640091803,-0.17842054022503395,-0.17842602297036358,0.01674831952303478,0.5961338947316649
-0.0955862270986624,-0.01224209389620129,-0.012250233389408264,-0.14283842471906597,0.6879531786971719
0.10765978978902306,-0.14830928131358223,-0.14831561931326154,0.07687483930817866,0.9752655908142507
0.1105954268046528,-0.15231340425990159,-0.15231965234876582,0.22102695779057066,0.6171388427319469
0.1438800586397193,-0.037757943744942866,-0.03776685368581153,0.05060608385893544,0.8405338807455437
0.13953946233515066,-0.0572341131112654,-0.05724249616368488,-0.040356227843053746,0.8796958503550528
0.25968892066395893,-0.1400660256103696,-0.1400719217911388,0.04981850560023186,0.5521686884950199
0.07616981708739298,-0.11772934620596677,-0.11773637086460394,0.04577763030599541,0.411909052647719
0.1344279800301466,-0.04226495544369091,-0.04227358506229026,-0.1146011746226948,0.560757623621617
0.3205168820585982,-0.1484147849556768,-0.1484201354301183,-0.10970860981894674,1.256055688507457
-0.07213901461167042,-0.12758551794524153,-0.1275913361316886,-0.1637740067864878,0.828008245766866
0.05908743534658512,-0.1440248303538877,-0.14403108543971485,-0.12578001650799356,0.8039546211898345
0.24029645766062943,-0.06837442001212929,-0.06838210511559716,0.08160708350265274,1.2251647781056392
0.15135304863039875,-0.000132371526719697,-0.00014185765425697282,-0.011214791537340514,0.913799931901319
0.1357233577159866,-0.25777871396159135,-0.2577825938734337,0.14321216120349123,0.7126517667929559
0.02152271536806947,-0.49627399587632326,-0.4962721622431623,-0.23240271912549074,0.6504453962728941
0.1389632024993537,-0.5730767066078853,-0.5730735962019956,-0.2217437732013769,1.2009438894459217
0.046622297664797224,-0.6411233315389229,-0.641118334937459,-0.25483921735668613,1.0470016954324275
0.03927143573187621,-0.699480996360389,-0.6994745998036411,-0.2853667132136042,0.5944718862863109
0.13751566515052727,-0.7516875659874108,-0.751680355393782,-0.30470899991715455,0.28035885561276647
0.16518213833248518,-0.7721690202694299,-0.7721613049939496,-0.2958455729093347,0.2615949775854681
0.23906774756101568,-0.7796483149649458,-0.7796398496074468,-0.30434249021245613,0.4776206810472881
0.04227755318905749,-0.7811943284367935,-0.7811861418230346,-0.2997764815755638,0.5792379378408238
-0.01046463652089976,-0.7754689646198506,-0.7754603244288569,0.24309359732916191,0.41715189893426524
0.20031555043255483,-0.7827004421866096,-0.782692266533558,0.26961143539112514,0.2862562709327847
0.09392941117346584,-0.789207724125205,-0.789199581473316,-0.2604935834128024,0.3978218098997501
0.05959075020142072,-0.7493005236946046,-0.7492931428018215,-0.20949531970395716,0.668158840269087
0.21758964307767426,-0.6652077172861385,-0.6652021798804132,-0.16267533851090168,1.016791341769817
0.2271049194276652,-0.43822782652786646,-0.43822729629584134,0.6082580963089115,0.6360278796672245
0.0230960814306048,-0.20965830576659225,-0.2096629079623626,0.06404676974885415,0.7167319643111136
0.1035519142219635,-0.10402900865516122,-0.10403625138918206,-0.044440468767519,0.9117876766933445
-0.04844831281174593,-0.10823983992572019,-0.10824618207049078,0.018437675517864387,0.7408042903958703
-0.06202809422075318,-0.15240368241884159,-0.15240912244365865,-0.1413135298583269,0.7973633759805526
0.22980895769953386,-0.07333819620551428,-0.07334594896888572,-0.011730167701085583,0.8640729526334666
0.311273335924746,-0.05290273183878854,-0.05291031655391899,-0.044120748195285636,0.9296346107300333
0.2427919769207025,-0.11150955721399579,-0.11151645285628838,-0.17413040929379178,0.8690817397020298
0.011708268040560667,-0.04577693703745534,-0.045785219117093046,-0.09814222922209181,0.767206677506752
0.0812476863831255,-0.04393465357575299,-0.04394333526167162,-0.028782341758692563,1.1955024549693944
0.16845481585861452,-0.136927068353892,-0.13693357237648948,-0.010760498692261315,0.710999403711552
0.049497540642100116,-0.11059817770469667,-0.11060527293092332,-0.0970819084880255,0.1153102952977971
0.06467623623185378,-0.03940399759728256,-0.03941269145742874,-0.18988367336853282,0.10215723537530312
0.18658450118530598,-0.08908251008898735,-0.08909026755935157,-0.18614642396375286,0.12155414486852527
0.19951956831710393,-0.08108035438961052,-0.08108820198519767,-0.14481442401832054,0.053639898108845584
0.08431979502458782,-0.11630549484601811,-0.11631246191695514,0.03867940403554618,0.4725133259563912
-0.06322274700157117,-0.4154962697397667,-0.4154953543382798,0.5627051534738249,1.7931557974368468
0.10525021396776647,-0.6650179361167001,-0.6650125820917364,-0.16800728884961016,1.1283810303667041
0.15137612964464287,-0.659663760622899,-0.6596586163832394,-0.2671983834077797,0.20477581150887145
0.13191689006140872,-0.6178486728105332,-0.6178444675102311,-0.32332899362956247,0.2446480484431554
0.13768082263022957,-0.6012073092842595,-0.6012035672180914,-0.3605886477532521,0.4929033416076993
0.18646875759254317,-0.5829921681697974,-0.5829886559972816,-0.3291370901912647,0.441867999717384
0.1554610331911367,-0.6251373802816202,-0.625133011316606,-0.21333516823594342,0.44205750687710216
0.012274450449082944,-0.7008280038112399,-0.7008213978887246,-0.21491116851789555,0.5846167708414306
0.12739544904140804,-0.7052685607541015,-0.7052624820384201,-0.22887580101513175,0.5352889321746934
0.18048520981432892,-0.7026710037662671,-0.7026647146986188,-0.23641045556645723,0.2639585755734154
0.07769589784541354,-0.686106752834088,-0.6861009252690444,-0.24951118183008214,0.6344330132280399
0.1337007934422074,-0.5980824132092835,-0.5980786517516243,-0.23983645098328746,1.0583885359120242
0.046127604851060364,-0.5247414399770757,-0.5247390566796654,-0.31991053268790876,0.8952966647836299
0.13285013112173363,-0.5170695877004873,-0.5170676453501004,-0.2899501595132022,1.047914972670164
0.1615653664814475,-0.4108077165448169,-0.4108081602578881,-0.03525909929740754,1.3587176498157534
0.09052284068370642,-0.30777714072287327,-0.3077798979420907,-0.03524430790658605,1.0453139256872186
0.09055174837176859,-0.2744321683127232,-0.27443567427859183,0.04569967565090914,0.15319589681325613
0.17580947846521439,-0.22543889212463944,-0.22544340865326556,0.0714108538784198,0.7424242299563987
0.35320497354001856,-0.2248523527765262,-0.22485553908081657,0.13055094480719945,1.478692186126464
0.1042562429121296,-0.2558684531956872,-0.2558724655612472,0.015828098703886108,1.3336625057636637
-0.1949671862106073,-0.3568795030196762,-0.3568778439597829,-0.08898657433944496,1.3690323196931078
-0.0312605995801565,-0.4103382342936626,-0.41033797207151435,0.15168845408628703,0.6132343984472872
0.15269447614535217,-0.1818547822930445,-0.18186027748363742,0.22859812440822563,0.4429944301332889
0.28987589189251634,-0.15693702524728045,-0.1569425425971925,0.0023953855684594053,0.7294129878915258
0.1990933389207294,-0.36920139697499993,-0.3692026853799752,-0.1741653190282003,1.1715245551822304
-0.029199721463871373,-0.5051066569009488,-0.5051041771360067,-0.09086919441628312,0.9657700471707478
0.206134946037465,-0.5389628472984298,-0.5389602342252439,0.5721679598584516,0.8602934994902979
0.05367129583520522,-0.13688828815268067,-0.13689470348641594,0.4956502752829751,0.8764433560715681
0.16976240660668607,0.043623965387853056,0.04361331761175668,-0.1404369258524353,0.8000499214212721
0.3373458137465486,-0.12350490933648692,-0.1235105504722372,-0.12304597600323927,1.0859626156501074
0.07195157708616808,-0.3090609176377999,-0.30906346691106373,0.11450843087889838,0.8673628357551301
0.05025497746376336,-0.5883774215615669,-0.5883736093462519,0.5872672033148324,0.3863893065113633
0.2644151840469252,-0.7478193976494951,-0.7478113335375078,-0.18556003118817904,1.245435230698414
0.038559940386787304,-0.7137879350724055,-0.7137813068193124,1.5829182170050646,0.5815605309526954
-0.09203277672792487,-0.7288914352384026,-0.7288824079708189,1.7067194349875237,0.18407753524829193
0.18321187773838535,-0.7530249903400409,-0.7530176153756561,-0.3135330025737381,0.30030347949214614
0.20198617476000055,-0.6997033779761112,-0.6996970659855368,-0.2760777224101219,0.6389546301797525
0.1422808085019878,-0.6638391254738744,-0.6638338874782383,-0.2849439213246215,0.4614041304610737
0.06787843459871018,-0.7053598240913632,-0.7053535642070948,-0.2641420264280775,0.35460399389501246
0.16059649474652254,-0.7531533769877001,-0.7531461334799316,-0.22145639954500826,1.0853310202978481
0.1069369732064474,-0.766272638451995,-0.7662651003569956,-0.2345834880338804,0.8020113927481243
0.1348458040905006,-0.7643549440678448,-0.764347449033827,-0.14712891903934253,0.5583276862424542
0.16376317143245725,-0.7672820432043098,-0.7672744824435718,-0.12489926203300754,1.0653260150840056
0.09496002205693667,-0.7606844831067744,-0.760677070491339,-0.2525276997237108,0.6564633748898822
0.12929072745216935,-0.7533541294611763,-0.7533468814455996,-0.2802096338135648,0.04902986188301665
0.008935663769044186,-0.7571763974454643,-0.757168347125309,-0.3063205774861067,0.11224989630717294
0.1871432822819273,-0.6743890418750036,-0.6743833878663379,0.046991001931088454,0.23507065365968974
0.04383623972653356,-0.3584573108828172,-0.35845875098185326,0.2365750458691692,1.117782858934485
-0.14509473593833427,-0.3520901929509094,-0.35208971614871626,0.17639042058342314,1.376013909184843
0.14743408475353437,-0.6194827253996805,-0.6194785729671026,-0.1450524805045116,1.2967427863334868
0.16797917257530048,-0.7400614766122506,-0.7400543479580228,-0.08734998463835013,1.1634133114743481
0.2083602020080824,-0.7966852275874087,-0.7966766931323405,0.29639921598172336,0.4496276632153537
0.14475906957479912,-0.8153276226276875,-0.8153189830246504,0.3318481024976294,0.5153032798298217
0.08209408769191409,-0.8722338958770283,-0.872223888909065,-0.23402800846189903,0.5405881651661775
0.08425828155707013,-0.8802971326323547,-0.8802869446079657,-0.19950113331181288,0.15062115859783215
0.13858381089227328,-0.8931394246457348,-0.8931290378129965,-0.2568685495353226,0.04915363811047398
0.16120255858310148,-0.8878202677631892,-0.8878099555899457,-0.3011391977005449,0.19159834766658493
0.03475223982136522,-0.4572140935832745,-0.4572132265826496,-0.14336238978486027,0.10008419871119775
0.1949155471146887,-0.45178961218196545,-0.4517890461049875,-0.14358638838621993,0.08249085733771623
0.08287461065693572,-0.42982237464822487,-0.42982221227622425,-0.09975390225434404,0.4051714536558522
0.23804957734422244,-0.43452776543631033,-0.43452722872787086,-0.08459063939890826,0.5498598741465123
0.12380187088484373,-0.42248915502932716,-0.4224894260005029,-0.03902680913552009,0.15229480944970905
0.0850278205238687,-0.10041600150258298,-0.10042323580543164,0.21468706691842,0.49651911704184715
0.21279334676837705,-0.2644952119510636,-0.2644987619275963,0.6132022729444303,0.534486362811574
0.04944700347913407,-0.5410260793892046,-0.5410233304273974,-0.09082313686355217,-0.01603438929094065
0.0333486269249239,-0.5565619832767913,-0.5565588854631133,-0.15773259961240002,-0.7190315733957816
0.24511449115623032,-0.5893566888134023,-0.5893524963704548,-0.06714066679396602,-0.6478437691784018
0.10659321227396706,-0.8353023817864893,-0.8352932936590436,-0.14702197358617447,-0.3552832401771009
0.0694175176614216,-0.809487216851262,-0.8094785740524794,-0.09338531443421044,-0.8283911685141503
0.18015803387286153,-0.7910322295962827,-0.7910240907557553,-0.14895421241245188,-0.6946202574219967
0.17169622630411452,-0.7931028505244708,-0.7930946204092362,-0.20475203136161024,-0.7462824670886746
0.17117587766076678,-0.8309789715022522,-0.8309698908954234,0.6629407936216339,-1.1743196111877647
-0.09047935266169645,1.9664799674508346,1.966426859268378,-0.891391651680474,1.8094435098403734
0.900012255465219,1.707456883092128,1.7074156812153172,-0.6521010846845989,0.9655018650748327
-0.17225542716148962,1.2328894996875461,1.232853401313476,-0.2638703155387332,0.1919174183760205
0.7820846037776772,3.237888416356055,3.2378092669278637,-1.6675223097880592,-0.706109111291998
0.6462060779453501,0.6700418989794973,0.6700216632476635,1.5816945564133358,-0.13710158618715915
0.36386885348285336,0.24646537515287792,0.24645142649753676,1.1007787149278985,-0.9764148420836061
0.30867529592851484,1.5252279115450842,1.5251843532443439,-0.5020811484507824,-1.599528543725211
4.868824373182484,3.323235309987296,3.3233204668510843,-1.7055107429547867,-2.2621857810845287
1.7375867689131492,0.7117258685134025,0.7117432074378698,0.986380355102247,-3.320509613504216
-1.0141910828635015,2.2222172134214553,2.222170184646314,-1.139182136130368,1.2723309782735814
0.8157583058584638,2.127420131081172,2.127367349683112,-1.075350831549575,0.34682382878526663
0.18721566434259682,0.12881143925429966,0.12879887863104308,0.1909813433350164,-0.43600187933165246
0.5144753232132037,0.6921338959134397,0.6921111938031568,-0.42714836118258376,-0.6735912863887032
0.056998429167607834,0.24291103089127758,0.24289626645062393,-0.3123806293759818,0.33768824457705837
0.42685999830713617,0.3481167908860148,0.3481009179315772,-0.2914928489196548,0.009846013853188075
0.1734159259969575,0.3778750872732775,0.3778567549163262,-0.20458748788840406,-0.20760346142259517
0.12090903600728148,-0.4765138264683353,-0.47651270522002825,0.8776854630432475,0.33488325936428476
0.1934813441807025,-0.7222087019968673,-0.7222018846591662,-0.11850348301184806,-1.2481097187249606
0.14706253684446124,-0.7311082655857072,-0.731101517091194,-0.098759352404181,-1.037102190080081
0.08180344130232371,-0.73320033653281,-0.7331934515021117,-0.12625106865337035,-1.0528437995900628
0.1763834981603511,-0.7435256322765766,-0.7435185153959155,-0.14768325522665623,-0.8158105170634197
0.06646484557500112,-0.7264008148793126,-0.72639399296922,-0.13282331373064327,-0.8524306338409884
0.2326933869205059,-0.6933902657285693,-0.6933837372575283,-0.12972125947292198,-0.6103185053943716
0.16874557508871899,-0.6284079036248864,-0.6284034612217128,-0.16246959108425318,-0.3318053051566763
0.1357877851615526,-0.5733831866276202,-0.5733799797802023,-0.1905958254050172,0.12982902676478356
0.07365603818049567,-0.10847422280463487,-0.10848145528298674,0.46304569999467265,0.20216215008388871
0.21623678789611286,0.027428350271345558,0.027418424399262963,0.14710370776951598,0.3200506359460957
0.14488557020247825,-0.3654289700576268,-0.3654304327304395,-0.13900754058253775,0.9756047192556113
0.13096471295231438,-0.08986742852643798,-0.08987507881215026,0.9590401811415565,0.4127501259785667
0.29863675759826713,0.7027421169588843,0.7027172063332757,-0.4176662168790642,-0.8756655330149131
0.7472894721514834,0.7642851319796166,0.7642643921313265,-0.43206229490896153,-1.3890056869467617
0.3172134042012386,0.36983800252431076,0.3698207462330988,-0.2742982952273907,-0.27258247557293785
0.18912819821577792,0.37370563349223274,0.37368775299714563,-0.25597342847199644,-0.667760615393042
0.17099693825100362,0.32297002466127306,0.32295310429260005,-0.22060481460743298,-0.9652243654445628
0.03761571148140362,0.41386454698404423,0.41384576473826373,-0.23664541445380016,-0.9606627117722755
0.43192610654383273,0.6758775579876452,0.6758541461904072,-0.44333487472790506,-1.342499537755615
0.5542157826931117,0.7999951592936643,0.7999705725642035,-0.42733338962465156,-1.3682940351091502
0.5097848097567443,0.564051757917303,0.564032110954257,-0.023558132506168058,-1.2910402729044277
-0.017956897876194457,-0.027435066166147885,-0.027443491425444076,-0.10618633930026497,0.671521792354026
0.0987800478839651,-0.2464680607727276,-0.24647210510064504,0.02124435397120238,0.6203688120026792
0.17534695032710526,-0.41924872440570765,-0.41924888902001506,0.2827161355557275,0.633539422174943
0.13880196750979434,-0.5123078626247299,-0.5123061167564343,-0.1898871107351884,0.519113849083237
0.33008202365758493,-0.5009355910099229,-0.5009324884271897,0.04373877601957281,0.4584903950213099
0.2381386495427476,-0.5077546371065245,-0.5077524561209728,0.05042036088360001,0.509538387831437
0.1873435075159378,-0.5685745312390805,-0.5685712532485897,-0.20761800221130314,-0.18790621996604331
0.03364285343627925,-0.5914409678955966,-0.5914369077703906,0.39726301878951553,-0.09521275112779189
0.11594859361550336,-0.6296131349590687,-0.6296086654929569,0.02314266517442888,-0.4726866425882201
0.3614854976937781,0.29522274591373154,0.2952075233138216,0.5008618887931112,-0.694751306255293
0.264542355306296,0.4536501674535721,0.45363067095853743,-0.3245856682780686,-0.4804677226257368
0.04991491205811921,-0.14948656940809257,-0.14949243317401412,1.0866907009739717,-0.018108594664477944
0.18693666617152832,-0.8153877185053152,-0.8153788984335426,-0.0384809325115469,-1.319778942759226
0.12988704276592658,-0.8221989279561754,-0.8221901340610073,-0.09272834280473594,-2.027375190169495
0.02644315675931433,-0.8225351424488945,-0.8225258484260781,-0.10777899455090652,-1.620527787867888
-0.07040765131296275,-0.8261525829039207,-0.8261415955792922,-0.10038577352094624,-2.3641622598773213
0.2598504877636677,-0.812680314134604,-0.8126707488195116,-0.07042819736930662,-1.9944549320851082
0.14225044414547108,-0.8003289543912929,-0.8003206963565642,-0.1486161402980584,-1.229882054535251
0.041879898088317144,-0.7748867242316869,-0.7748786344725717,-0.0009791359690669887,-1.225276925940444
0.09854564479697334,-0.7709677296485347,-0.7709599965676783,-0.07150274561667684,-0.9950623988448398
0.13423290570914823,-0.7538557195694536,-0.7538484602908921,-0.02676159672112795,-0.906086546210791
0.0660677546768312,1.1900349591840516,1.189998569254627,0.12852592452627323,1.4101917914483206
0.942228640988664,1.7982871001389875,1.7982445751869431,-0.7801856106328481,0.32110366825140724
0.3042735105729065,0.6154590792403759,0.6154361285168897,1.3580087428711602,0.07913828125765843
1.5507342026771636,2.304607497347411,2.3045654250685224,-1.3453889606315235,1.3088959794090786
1.3379370171800589,0.6116453643951543,0.6116475760102265,1.170540740323445,-0.5267717731039964
0.3604091633210897,0.49938107040996066,0.49936108440559357,-0.023448833652814013,-0.7684749171318052
0.1248418930518726,-0.34030808715424776,-0.34031011390540844,0.38664565382743427,0.41554857846688786
0.20447194357383408,-0.456184134428701,-0.4561833801150093,0.25960533115178935,0.30781578536367243
0.08337938218022584,-0.520369308146744,-0.5203672917025896,0.018143700070975245,-0.01083718715322477
0.39475006058695933,-0.5341155012703444,-0.5341103998121941,0.7784820679297129,0.3083035883747967
0.5097511627670908,0.499881720120749,0.49986333494829527,-0.01116401149624096,-0.8010668024051334
0.4425507590206811,0.19937331400247124,0.1993613183751423,-0.18979500083731357,0.3114372325121081
0.21873834925280364,0.3275389234709611,0.3275219005096801,-0.2731495573804121,-0.07742873240163015
0.24822581187633624,0.3530573706080055,0.35303995376055614,-0.29714662086152915,0.9613189594163997
0.2150842656599618,0.021803877670718064,0.021793898974378376,0.3186646017720378,0.7741434495297906
0.1960353456017559,-0.7275908207303403,-0.7275838825395364,-0.05975032002322002,-0.2784000079491838
0.01294673371552825,-0.7522860618178836,-0.7522781660878857,-0.14502630359847207,-0.9552955567843369
0.08856604768343367,-0.7676846228912496,-0.767677008310935,-0.16585443267628786,-1.0227852060858347
0.07156759107497451,-0.7844884064981164,-0.7844802802567691,-0.12624155165850837,-1.0977071822949225
0.16175338185892288,-0.7417263384143695,-0.7417193514957132,-0.1662697650573361,-0.4660219796895182
0.133186833110691,-0.7143450086325313,-0.7143386365495608,-0.1495077240942442,-0.3642277147746152
0.09987508557186266,-0.5644733234472344,-0.5644702271072106,0.2042219646536663,0.2985006390050733
-0.3430585024314342,1.408244076028638,1.408205652218665,-0.18550393431258053,-0.6117093281360259
1.2835622509123588,3.059235104747028,3.0591674899111494,-1.58117401620822,-0.91760713435703
0.5716184981369421,-0.08771884416833203,-0.0877214377992494,2.8315326325497026,-1.3877330471836262
0.031823207822645,-0.39149678845155417,-0.3914973971040364,-0.18715565097671372,0.8496065443292012
0.12526688812990186,-0.27972391932559065,-0.27972739602717833,-0.1447916654179848,0.7614137939161534
0.11020908781228492,-0.36840196954771964,-0.36840345502279437,-0.14629609627290127,0.8092914487522246
-0.02836272182155155,-0.5276767340059445,-0.5276736578802194,-0.13148434424539848,0.13925779913417927
0.20154537867908084,-0.26043206786710393,-0.26043570907974534,0.5169874732628341,0.7634329083240222
-1.6765688396864353,2.6286792194423563,2.628638826241309,-1.3485997265177547,0.2646757637955241
0.3744019615280953,2.4111500547631195,2.41108696170994,-1.1579175715952137,-0.25083723584456713
-0.27345748855552326,1.2095366536250745,1.2095019752254101,0.2842704060877157,-0.5508753635238173
0.142258735358699,3.39313496577991,3.3930491062113473,-1.7153435345825983,-0.8419833484960807
0.3733592536286034,0.539216845412233,0.539196323151723,2.1979883581003223,1.7069489292744484
0.6169997523335394,1.885809267504688,1.8857594037016978,-0.8737433463759524,1.244286814888418
-0.06275113520207842,2.4786935222567315,2.478628554306156,-1.2461157795717495,-0.980601448806274
0.307433578395096,2.1287055201060796,2.128648410981757,-1.0587065120118295,0.1442154992692391
0.17753612810790198,0.7271199067226549,0.7270939113466,0.3964118592981897,2.4831737036254493
0.7953259251938088,1.0907049818236578,1.0906772706002004,-0.5008248323573207,0.9380672924457002
0.07536150971033573,0.012177789850408462,0.012167669065007734,0.31935987279121897,0.08381604079824549
0.10177159609204406,-0.5972111573261798,-0.5972073258725328,-0.11881457610495062,0.6122437993130653
-0.04561642623742202,-0.6706655156270563,-0.670658870512676,0.4012905745119507,0.28847287005830025
0.14985654490985345,-0.7097706465612407,-0.7097643771935532,0.5170225108906624,-0.6551992323185967
0.24715834061311756,-0.6889899219735688,-0.6889834923103064,2.3882019016797877,-0.2535054702736106
0.09229811689429207,-0.7190773574819669,-0.7190709686958443,1.0047067277386887,0.48156915559231595
0.25949619932413487,-0.8171803848042668,-0.8171706736622448,-0.17028934296905926,-0.8853658081224483
0.16516140901713683,-0.7189031600423456,-0.7188966856080952,0.26358604349905174,-0.47707447633051814
0.11763232731790046,-0.6253010990063647,-0.6252967263651187,0.017755522110200598,0.07746216746842602
0.27226375471277764,-0.6525675211712187,-0.6525616406779413,-0.11268775685228978,0.5203274093770508
0.16355857362852605,-0.7100508850129503,-0.7100445197929774,-0.1178003421334846,-0.5888089539904304
0.11261294851795894,-0.6693274643427669,-0.6693221031089017,0.3359594445839338,0.12502494129507324
0.30473279198167863,-0.7385023871372233,-0.7384939500968438,-0.06876432981732467,-0.16127221805213277
0.10945489771995869,-0.7565435994970608,-0.7565362798633409,-0.10502922836555086,0.3933433474890381
0.2604686588744963,-0.7330226461882298,-0.7330150486702532,-0.17326386488074375,0.47048245245911274
0.21723635994453966,-0.708623003378049,-0.7086163119819104,-0.2851940589772881,0.16558477496100957
0.07413851344402597,-0.7219135963086655,-0.7219069647167417,-0.2398301377184523,-0.20019140719615508
0.07282756312610333,-0.7244790006585441,-0.7244722219019423,-0.22000367803959095,-0.48272735658883953
0.1405450854561451,-0.7173130822310153,-0.7173066435012609,-0.03488392913712621,-0.18772651689952832
0.13473667000262232,-0.709045555316421,-0.7090393022303377,-0.22032319328691943,-0.39641949183771424
0.04526708309066866,-0.734294421839964,-0.7342874226824079,-0.04564032746845442,-0.5989316754016125
0.285311534130801,-0.4923331930275938,-0.4923309105254957,4.200914949930759,-1.0186729976220708
0.21390878550830925,0.036377351899605094,0.03636704596232813,0.7779423357677877,-1.305973887651406
0.22980436201314214,-0.6279963677713851,-0.6279915763704493,-0.03433565570481844,-0.047513944908459595
0.32292264181883307,0.11023473769574944,0.11022348980067999,3.7704754551757214,-0.4845709670129519
0.2128847783594694,0.15773251319139248,0.15771948227748317,3.1771000382070835,-0.4552515278195319
0.1980483844691844,0.41569250057924817,0.41567349816826665,2.240328232823578,2.359822292661811
0.09488069261097966,-0.7278683723320815,-0.7278616965879424,-0.1966809757226244,0.22800221457966707
0.1912138448249041,-0.6775297008031278,-0.6775238867126964,-0.2115175735045287,0.032359224725458755
0.17172793448857165,-0.6592494483577636,-0.6592442238616487,-0.20966505424994192,0.006367348275490715
0.07774195216250196,-0.6997172600342815,-0.6997111268513008,-0.2754023783057808,0.3096861197683421
0.12240889993881715,-0.7417995102951771,-0.7417925217334784,-0.14220487744936278,0.3003640216282497
0.04377226428416317,-0.7239213897284246,-0.7239144443734212,-0.12701335901183472,0.07130050498325638
0.020903426110328638,-0.7259804124209154,-0.725973331271811,0.09580357592198965,-0.23006530594477315
0.2234721216590707,-0.7057478052268078,-0.7057410888323213,-0.17888730161467767,0.18527111449895634
0.4628354417106309,-0.4504460976360735,-0.45044171066197675,2.489903459434834,-0.07065499591025452
0.13813024459908374,0.35442300688530437,0.3544053802537855,0.002464631677043973,-0.9162083620464218
-0.09733753239367698,0.28421830405960574,0.28420297032096675,-0.22208142460741997,0.4453323314738232
0.039036363295471374,-0.11215180391812159,-0.11215859557939309,0.015468453290177693,1.6690889928744799
0.13207017043586458,-0.5064769503848596,-0.5064752458874726,-0.25735476813323316,0.8903616934125731
0.22783893671354208,-0.6394161966306336,-0.6394110592428222,-0.12898741924512352,0.6897811056942813
-0.5297301955815745,1.2695979604498706,1.26956533666692,0.048257176898745764,1.3472398528026315
1.549474328079206,2.0334380598979864,2.0334035095637093,-0.9010948325053054,-0.5231728921325277
-1.522880716032954,0.8257482579946201,0.8257626783579944,1.0219129217696852,4.014583769949975
-0.7230201284978423,2.4068188526139735,2.406761946872538,-1.3934893448402073,1.8064799113053387
0.6054933845961089,0.10598629052563216,0.10597943689098872,2.5142629818143294,-1.8854398002426096
-0.006910160327306941,-0.35665085208736086,-0.3566519745110144,3.4113215836862025,-0.925304477353338
0.22093817507483832,0.2773066512007582,0.277290935302309,0.17723022593366117,-0.4504938144491506
0.04003380676147342,-0.36169156175150924,-0.3616928396672137,0.9454442818692669,1.2351539177563853
0.15886951171140695,-0.774075116417883,-0.7740673583418543,-0.16652495433496167,-0.3547878838886752
0.2342209192178667,-0.02807758155527052,-0.028086171506476076,1.0455980405763492,-0.6474207275310313
-0.045539448490360776,-0.3886078873654739,-0.3886079339693743,-0.05364627307848258,0.7828933093039308
0.006074766924372573,-0.6408805298634404,-0.6408752700350173,-0.22528313361540891,0.3957788293794983
0.10723367323316259,-0.6273536732589312,-0.627349164968381,-0.13621310229724742,0.9690040257721052
0.21845184718754865,-0.6120191039956472,-0.612014671357124,-0.21515514141588443,-0.035113608160705585
0.055099451543459445,-0.42853573175999854,-0.4285357773983057,1.4065269047254405,0.7570778419255633
0.14175911731297816,-0.5889422869866012,-0.5889387307664459,-0.20698009313253624,0.5029594445783573
0.20828860470189714,-0.5316477191359863,-0.5316450912014684,-0.23897670306920374,0.3231177529048561
0.1944569376198868,-0.6243846144821255,-0.6243800833008263,-0.03503199987074243,0.7098424487646406
0.04742903553288588,-0.46745502223803165,-0.4674540148415244,0.2326342017658848,0.6967970102189549
0.26549262630829734,-0.6215591230553007,-0.6215540284015837,-0.27404892875629117,0.14722542176322057
0.17617676920943803,-0.6499582316051887,-0.6499533052989035,-0.2090765738766082,0.20036038787772292
0.23767802430603505,-0.6694498951396627,-0.6694439937987408,-0.21808237012561474,0.45335938855550856
0.17122215765888335,-0.6703889492036369,-0.6703833850152883,-0.2765729239253048,-0.5069843807660096
0.19863887375026287,-0.6503182695009614,-0.6503130664312202,-0.24910585237974106,-0.021676634054748005
0.030556070398871957,-0.6492850861264258,-0.6492798166967071,-0.195952228752546,0.18323551262286766
0.22822908792009594,0.2558627224792066,0.25584766721402974,0.4236464939285677,-0.2809289718857997
-0.15165230854079953,0.08704113227474147,0.08703130077839945,-0.10422759784830898,1.0354333483531524
-0.06479061465360213,-0.2989008631670932,-0.29890274498335434,0.5894473876916244,0.04467014397936471
0.23967504494957814,-0.5659321934184386,-0.5659287060815147,0.014903162392690955,0.4512692178536376
0.1966262811157764,-0.5555945381648172,-0.5555914620746925,0.7607013442159027,0.7611350123816273
-2.289314332400435,2.3261377635146157,2.3261313898835314,-1.1823093069056,1.452597596114982
-1.2118595149565623,2.030725774416499,2.030688777315069,-0.93649755355522,2.0995262883020462
-0.5747657474759379,0.8257679615610555,0.8257476323360304,1.0110120339490547,3.987327262000197
1.2496954069043775,2.532864000087361,2.5328085629211397,-1.4042244805172128,0.37166688676889487
1.2511077598115459,0.7468795387606493,0.7468736984113161,0.045533009682265396,-0.8372790836859442
0.25614979078028133,-0.4066335159954945,-0.40663351608047105,0.017536240173919367,0.1249340450738795
0.14244338988404473,-0.175443152213326,-0.17544888093389954,0.67117098692494,1.5046101458405117
0.04053051018800665,-0.1710178207536189,-0.17102346972374985,0.4274150015822313,1.0395525447342358
0.16976341191308428,-0.20829732669590537,-0.20830231769047877,0.9062488310801343,0.622753436312477
0.12202737910817273,-0.6514896465255411,-0.6514846858320091,-0.11460282870629006,0.504657051238289
0.059962523791522,-0.5991803496680588,-0.5991762948777569,1.4276103232172466,0.07326574523824377
0.16667864205303048,-0.7667431506623038,-0.7667355124425057,0.06254621395015954,-0.2540656180602313
0.551732347626274,0.001992926798326329,0.00198769181157064,2.5307863196319005,-2.6188773878868594
0.044359727387818515,-0.48818944344458054,-0.48818806002544296,2.1881253066467155,-0.032414406969069755
0.1565418427160313,-0.7198779492109002,-0.7198715424478433,-0.2879061905014902,-0.5036428832794793
0.8052576548483633,1.7235400087566228,1.7234970127858449,-0.6323464070057809,0.7752413245667678
0.06074035397154848,-0.33398933252177215,-0.33399132203847254,2.257884608954452,-1.4723331998893876
0.21847224054591188,0.20336525656226692,0.2033512009852281,0.3437256211403911,-1.0220180901738407
0.3463309961360665,-0.5086189967413757,-0.5086154529521913,0.430933785049438,0.07435979967673369
-0.052369848939419955,-0.3948098535859875,-0.3948095818081622,0.037145803256074895,0.3302781936073687
0.15680963377240575,-0.5273337128266388,-0.527331629559503,-0.2398600540141235,0.33372613879523705
0.16994459274578624,-0.5678958329370494,-0.5678928388653933,-0.1651693953216563,0.30180116344730207
0.252884627406567,-0.03347644832021361,-0.03348500660190127,0.1554541878532862,0.5608379139343828
-0.12669087893710845,0.14698977052419396,0.14697841378830676,-0.23128428822856362,0.45915330679103544
-0.2502927261335079,-0.006465187340696918,-0.006471217560429445,-0.053511941863297184,0.8256884593649804
-0.0956993958760584,-0.29760804052393935,-0.2976095035716902,-0.07779198564811972,0.9974913490845124
0.11825486138156045,-0.06832587758936591,-0.06833401158110522,-0.153799143348297,0.6563577983876723
0.4524830631360346,0.5263631342864868,0.5263436171276283,-0.17500319500640582,-0.8583114176473623
-0.17783022043566926,0.4014715410662221,0.40145482829301543,-0.23092972858038785,0.1523632511517393
0.10667847995197764,0.29172822884476207,0.29171200999683733,-0.2639421375300013,0.03871405742313627
0.0357636908984563,0.35382688443897037,0.3538094503124272,-0.28836623146089746,-0.4904139875452461
0.2681124034908322,0.5842667214632844,0.5842444711504371,-0.38897330855130346,-0.9877005765252449
0.530297163571198,0.8525889935628057,0.8525625093847525,-0.5565798861233561,-1.7108086856741707
0.6593273780874125,0.7982014182547252,0.7981783047574013,-0.5225927373505862,-2.0497323200190785
0.5012200095733258,0.7677771413219489,0.7677525615566378,-0.49989039625384835,-1.4632349434915983
0.4831591261855389,0.775077670932897,0.7750525689987948,-0.5052984221093472,-1.4183371576629862
0.4255314551272452,0.768700163847778,0.7686746677598577,-0.49238519217139565,-1.5338759920943126
0.1995621450947129,0.43863443771987776,0.43861492015781456,-0.3295080673727519,-0.9042617278590458
0.20170157559614213,0.5634873403005968,0.563465019221663,-0.3646312587467081,-0.7186939798523119
-0.08576932805452944,0.2798253043611857,0.27981024838472685,-0.24597468852183366,0.24417113719558936
0.336185341383269,0.028511688178625656,0.028502275338595364,0.0639092748039325,0.5744761159775539
0.06508398030037595,-0.17377318539626707,-0.17377886205555454,-0.12964929309410206,0.7312511214823991
0.2033903518590123,-0.21737932739760332,-0.21738393534054679,-0.13418962057109127,1.1086889896421817
0.07271596385767592,-0.16558232326743924,-0.16558800472961477,-0.09992763395781551,1.6433187665277966
0.14851197837696284,-0.20916276107074397,-0.20916782219202465,-0.15488320210361817,1.585855098400734
0.1099477940614202,-0.06651673194394114,-0.06652490655924813,0.4042090121826307,0.3110806904079147
0.505725998014575,0.6521460452029529,0.6521242410022241,-0.19295751848806822,-1.4271736301449274
0.07096914653765325,-0.4192187212477266,-0.4192187969760871,0.5053463248787735,0.285085661812987
0.21830316442290237,0.29242340649326637,0.2924073511547432,0.4299364497969143,-0.20894162214478398
0.21275525796576,-0.19547254398815292,-0.19547746471894845,0.4624665613300374,0.11149402512881036
0.2642917057498335,-0.6830326382235157,-0.6830261632091238,-0.23948661859576376,-0.149921868538124
0.2585894026947409,0.10187881341719301,0.1018672157927912,0.505750236843265,0.0787165942282048
-0.043782767883584456,0.06904980576265148,0.0690394826570671,-0.2167988403342979,1.2488423377445843
-0.18220151833601828,-0.25485667505923354,-0.2548578442348799,0.6268962620123542,1.311357571091122
0.28396999377533355,-0.800920643535179,-0.8009110288195134,-0.08342536007365542,-1.5679030031328798
0.3070009683805615,-0.8181557113428152,-0.8181452618230294,-0.1274680200486903,-1.4713454770321062
0.162577938270008,-0.8266234085800592,-0.8266144257754752,0.06227433606570639,-1.6411856159778961
0.1377874915375587,-0.7805971760313049,-0.7805892715053036,-0.14191221375855512,-0.9764906197336766
0.048645646051921426,-0.7425864886509368,-0.7425792137390226,-0.16949960871970943,-0.976405601420576
0.10540035724770298,-0.5793691301106701,-0.579365788851531,1.1706211749854758,0.20877100736808907
-0.43056952166957546,1.4284276929916542,1.4283898906833172,-0.2760696411190515,1.1708164920143527
-1.9744077246773322,1.23147621660414,1.2314976472629378,0.1735362408387226,1.1537365746572146
-1.714469465358917,3.329769729110573,3.3297103690837306,-1.702624558341772,0.04092082208549101
0.7259313889422114,0.40551883273536793,0.4055070444226662,2.417137320174779,2.3380385508052437
0.0890183817069183,-0.801523751791431,-0.8015154221482264,-0.11330914737747011,-1.0315712108504527
0.1755992822330504,-0.808970669944827,-0.8089620387448774,-0.10473587762213285,-1.065081343193075
0.1242162214128388,-0.7988165265440509,-0.7988082129105681,-0.019797516009448925,-1.0761772568064605
0.34550699366932325,0.37606844935448996,0.37605123228065096,0.8595208291589,-0.7671464253591869
0.5135695216319793,0.2553122764823363,0.25530009948612703,-0.051340375598719214,1.196053385889926
0.27148625279606486,0.3340174561148941,0.3340004668003285,-0.2233053135738843,0.2550607315663986
0.09016249732477025,0.3298035797477042,0.32978650593456516,-0.18494462238051063,0.29931202230768517
0.13424343834531496,0.1467259218572919,0.14671277985291922,-0.20121950447728376,0.4438352828913999
0.19114560708856998,0.19746708351151973,0.1974529812560467,-0.23752471855702514,0.11833989983867128
0.09335046496406657,0.14250523880351532,0.14249219157271936,-0.21553291934652646,0.30425378640052253
0.2756873564264921,0.10204575636189954,0.10203433410817662,-0.1751357863552331,0.7695889735748188
0.09360324310295379,0.0032362218403949733,0.0032264809532700062,-0.16886938230713347,0.9213367592408723
0.05720896392131405,-0.3405080783535663,-0.3405100110543582,0.29971997436473014,0.6670748946945078
0.15944879387779134,-0.8059763547783179,-0.8059679251538766,0.3363716328079675,-1.7531493830476397
0.1668101833177648,-0.8485854963180269,-0.8485760651442746,-0.14590759215753446,-1.724992564389804
0.07560913308937509,-0.8395044807946508,-0.8394951191916158,-0.17241391483662724,-1.5732200397814535
0.0010529229438819257,-0.8486029608428218,-0.8485927232400206,-0.14885051716808648,-1.0748866945943945
0.02826302805397675,-0.8370109049005955,-0.8370012410510894,-0.17543951813451522,-1.397848774428417
0.1830647593535934,-0.8422036902729583,-0.8421942680603647,-0.1647564093248334,-1.1941550192633197
0.05713523803270409,-0.8227243414675064,-0.8227152670954458,-0.11059359349424158,-1.0436926547435923
0.11922956043144277,-0.7920704284240928,-0.7920623110510958,-0.13204008093828926,-0.7651195765515028
0.24551528014579357,-0.7110882777857699,-0.7110812623540179,-0.1752672912738852,-0.4717760262619689
0.2286959911926829,-0.6410298291600207,-0.6410247450984569,-0.1994726260675417,-0.1224112263274534
-0.0011437638602155421,-0.6317823185002661,-0.631777083848858,-0.20304639024895985,-0.2699753961493045
0.07867653833304587,-0.5515820859835956,-0.5515792791106243,0.4644447394337552,-0.26482740451114906
0.3713085516750428,0.3487516039718946,0.34873535852439086,-0.05188721202418959,-0.3081563511812306
0.166901055835401,0.2779326872434077,0.2779169572875952,-0.2441841458161079,0.7372943988583244
0.368042044473388,0.3551884008796509,0.35517183177740197,-0.3217816671061442,0.7923984519509194
0.03280968011320967,0.15145889763838682,0.15144600759574828,-0.040939836773464314,0.5878822918947574
0.09052116089878087,-0.4452537600720388,-0.4452534303143924,-0.14139310154059137,0.31745118922259236
0.14738209348667095,0.20897736965303954,0.20896300893916694,0.24984610979253727,-0.089345962654433
-0.021106769019202318,-0.18694896027156505,-0.1869539828360197,0.11008714147133433,-0.006149698040992266
0.12268061444704345,-0.5824501409694948,-0.5824465514083063,-0.15120734596707827,-0.07316195870069706
0.10058423178261294,-0.5421838430406107,-0.5421812472010404,-0.1858005455848278,-0.5355138477788705
0.08000138342154348,-0.5617435734409522,-0.561740538396261,-0.18239087387456804,0.3566996504512747
0.04530125837909277,-0.48721752024932563,-0.48721606909464027,-0.15157392645932405,0.5102898119930519
-0.07192264805503187,-0.4298763803325908,-0.4298750524724072,0.15395767479353886,0.2946612287121492
-0.3069989415538054,1.1751510642221428,1.1751175161743435,0.26473720134365647,0.08119267745571092
0.8766700256892378,3.4793946719071003,3.479311174278293,-1.7423524982676493,-1.0983192845499798
1.0856449131616894,0.6388264342926772,0.6388181840068107,1.5203137933921003,-2.3622659124602383
-1.0529378892928578,2.2130790575554165,2.213032950450772,-1.147986929420877,1.709040056135384
-2.860524668032733,2.0625889490690477,2.0626239589335738,-0.9688256425821501,1.8210745501385242
0.44576527752002953,0.8010197447483008,0.8009937020577527,1.1867369018892244,-1.1222847474364368
1.0907782948612361,2.2670467677750934,2.2669951499858962,-1.3102393553189307,1.460044844007095
0.7328030069535962,0.9110439223531298,0.9110193497429915,-0.049660944086395736,-0.4279655869048611
0.10632911674442883,0.19674611210331827,0.1967320260369403,-0.19283701655330182,0.868096422742604
0.2740886627976596,0.08345024685357015,0.0834394212731222,-0.1230780074215978,0.5767194285730447
0.14584458249748528,0.07072030994970407,0.07070905373713936,-0.20464074605816127,0.2523847915152098
0.2276327770943137,0.11685209092138579,0.11684015707864047,-0.2393832427505773,0.7411691798059195
0.13069266216653333,0.28236545232136084,0.2823494437104542,-0.24115621333600493,-0.12516650076115188
-0.07480079924012953,0.1738742121851997,0.17386153529379395,-0.27990630666924476,-0.060636999367461704
0.062403474404807736,-0.20073026156808663,-0.20073533291811604,-0.019451882845333574,1.2231295733616063
0.05639751752631959,-0.5773965344254979,-0.5773929687811613,-0.08599909632203875,-0.023047937619954363
0.2336792847502716,-0.7413363869222814,-0.7413288714018866,-0.17825204663659855,-0.2625936366811189
0.16122149270845307,-0.7854157727647278,-0.785407804819089,-0.23046946085105935,-0.881510644824117
0.08460036014006779,-0.7678504910959688,-0.7678428727911568,-0.22776393161133537,-0.9315015268840682
0.1002487620633605,-0.7760865370850994,-0.7760787786233339,-0.16535659804371933,-0.8105137320522544
0.21739188494763073,-0.7734830690273344,-0.773474876447196,-0.1776453161892757,-1.333354304821062
0.049477034443222795,-0.7873745311725626,-0.7873662057850765,-0.17294906210513133,-0.6858151487748613
0.09220691098422791,-0.8307513505290914,-0.8307423645930457,-0.15622554318051277,-1.6014159161361632
0.19759190868592152,-0.7840742733563122,-0.7840661116343147,-0.1350903399107706,-0.9536198458985031
0.15112480817421017,-0.7026958123476424,-0.702689612282583,-0.20181730432361425,-0.2638807056688151
0.11501143070617481,-0.6494157565965581,-0.6494107529116554,-0.20463468283928996,-0.3226569163810138
0.18682170220413555,-0.5525985213266612,-0.552595602070428,-0.21925122375298298,-0.045035496222912835
0.11352971871006355,0.06834011912431752,0.06832891635788817,0.6685819191193659,0.213378512707836
0.05479781859108887,0.22407227189913762,0.22405775135520065,-0.16971408360274293,0.4793219792518843
-0.032410649583226314,0.41419359654351406,0.4141749860283799,-0.3225587997355248,0.04975891680780003
0.07547680707015647,0.408546912649814,0.40852807068985847,-0.2355755893254368,0.08206178948303146
0.1881552924324745,0.4840850126628911,0.4840646536475192,-0.26453513243614196,0.11516166641976838
0.04240259586600351,0.2752340151350939,0.27521816665746446,-0.19013259893035114,0.7441521707221918
0.19463330221428318,-0.3062914918136502,-0.30629410327314965,0.3496678802186722,-0.004229278992494769
0.03479671950037076,-0.61593491913967,-0.61593030901359,-0.1479390134816968,-0.22090213642348255
0.08724366713434592,-0.6064118272348178,-0.6064078787438397,-0.1937114699338058,0.17244678899958385
0.13583876663404285,-0.5303407457496653,-0.5303385949609312,-0.18815644465608616,0.7155518166867781
-0.05581339264944131,-0.17658989977986156,-0.1765947967138333,0.903419041726427,-0.3992329803082222
0.050407137767889076,0.2935731991564329,0.2935571179998225,-0.17677515216144066,-0.014008780331769383
0.23135890422628283,0.06149008469141316,0.06147921485879542,-0.05000779644369626,0.33853899606647453
0.046743642250349916,-0.18378026854210325,-0.18378563093709702,-0.11825602865980536,0.7982405847232744
-0.01079405901442024,0.10771483067200334,0.1077032811217167,-0.18859563644149213,0.2748691828880818
0.322256410907234,0.264645855902747,0.26463096165480043,-0.15271882697326694,0.059844242320508056
0.499551980577704,0.6219934983636527,0.6219723712250667,-0.14135414115148587,-0.9197366393989195
0.08161195094992603,0.028075164620417717,0.028064865985785958,-0.13507477482315183,0.13495234035810402
0.25791330336727386,0.03717086825695477,0.037160902740236104,-0.13143838334623642,0.3294852435135468
0.17517013949976684,0.030017219777615275,0.030006877534991355,-0.13868427263940755,0.1019285377162014
-0.03377528121116648,0.01904681135642321,0.019037252807410004,-0.1756107440084115,0.4437264103428027
-0.06959710764208095,0.018558162908827294,0.018548973570817688,-0.18942999772541175,0.4923178436051104
0.15786713660202809,0.07481309894498235,0.07480175083064555,-0.08828907777270753,0.5347017387246747
0.22824454707052524,1.400009059998662,1.399968134312706,-0.539464761838219,-0.671153317326967
1.0038299599756806,1.862286433400879,1.862243187849265,-0.8300704664376661,-1.1978358693979387
0.2775891294179212,0.05964690561305466,0.05963661452613761,-0.1918565636056656,1.551255999948196
0.21463069808449367,0.06268071747410014,0.06266982090634829,-0.1904840631757545,1.1376934248052974
0.016812803601416543,0.06334974311624485,0.06333883152581722,-0.1899313600275375,1.340133495548201
0.17146608294652937,0.17423711605427203,0.17422353541747446,-0.10563061396726997,0.5676244701376909
0.20736936997038272,0.06757866584325804,0.06756748017492634,-0.06162700073485934,0.7842583651488717
0.23583563619969894,0.004952044230248819,0.004942623053706911,-0.09950025455099082,0.9027846193959027
-0.11800363653768209,2.68403262775243,2.68396304900279,-1.388566195279859,-0.8582828657349254
1.8403443470520362,2.2138765146260533,2.213845793875444,-1.0596781744935198,-1.3690751787294795
0.8564685372328523,1.0927249556299405,1.0926980946454075,0.31876490275798186,-1.6582002381036458
2.1120506820347247,3.2270446481300428,3.226992610090249,-1.6643989362550886,-1.3118222476922212
0.909936311964816,0.5357610189828093,0.535750605002667,1.9192703469710144,-1.721287167020506
-0.01726949398086212,1.9596087964648452,1.9595554843328848,-0.9353504424344788,1.3456974125827446
2.5552637657331747,1.6585046261468959,1.6585254240365204,-0.6459372364811876,-1.4888447426609612
0.2640422871807974,0.38213105762330646,0.3821133461776541,0.3118523759876378,0.29862486378843517
0.3062197632433411,0.22990237808401734,0.2298882639855442,-0.12225374929628793,0.4037395265077025
0.11889812476056878,0.2861213103305951,0.2861055756221713,-0.24631954731601677,0.3678632051283318
0.1559132569386644,0.15867380629700706,0.15866057512746706,-0.21290070747223316,0.4135036981084638
0.11125807374765119,0.27040664135844067,0.27039090127736065,-0.23865589818268987,-0.14649722223578499
0.24981296499804673,0.3950553433415573,0.39503716256745924,-0.27003111393344664,0.031014623086703802
0.24954595356704232,0.002849763253265871,0.002840389282516249,0.0905113866407954,0.4712832795895107
0.14138745656339097,-0.3884868895552279,-0.3884877449129717,-0.021606499715473036,0.5527876036067808
0.12402730980278602,-0.5379689814950992,-0.5379666594176953,0.33514449483382847,0.43842097361906723
0.0907518658943793,-0.7129998819766583,-0.7129934505382591,-0.24500389778964074,-0.136409966384722
-0.054879934884038216,-0.7495081276355005,-0.7494993986862442,-0.17595959124362276,-0.4267358507405
0.6245181311387299,2.0862658292377145,2.086212180748263,-0.9099723158519532,-1.0259836576601487
0.5993445613685641,0.8291784697876781,0.8291537651177765,0.6414239605620892,-0.9952847025343021
-0.08219581258874237,0.050190626710751265,0.05018090619902518,0.4771331847619491,0.8355334877834608
0.13740608290628908,-0.5522692926438602,-0.5522665598996209,0.09496819041074735,0.20075588568782005
0.5493219921796474,0.46656101892198065,0.46654427754772426,0.3873420631495311,-0.41938113766933266
0.23411324885097506,0.20944111995759446,0.2094269279497224,-0.20553823591141085,0.360011221985789
0.14848878452220463,-0.10472794789362137,-0.10473526449292436,-0.13682848931139463,0.8543706756354625
0.33037536796128475,0.11157440109001993,0.1115631231133997,0.18410069477002236,-0.17395149635390098
0.7091617292988398,0.9130311165897974,0.9130061411194705,-0.5889917260912606,-1.4759615394222392
0.5512346594097997,0.9795596712886592,0.9795305151593374,-0.6321546263917481,-1.4522928829579154
0.2430800484949261,0.41380866050470044,0.4137898795138262,-0.09955004824180066,-0.3202307374415409
0.22273922252010608,0.016049361531617463,0.016039691169709182,-0.19878936799674887,1.0856080260417071
0.11658491025036351,0.06688939926468433,0.06687822907352971,-0.22241663658266014,1.3694061323375357
0.3731860126648014,0.4225131587858308,0.4224952570551406,-0.06138865321806888,-0.36478644383762593
0.3068437712862163,0.6684167129952459,0.6683923940121376,-0.3556700076367401,-0.6175342540646546
-0.08836927608127143,-0.125889399121823,-0.12589489715525212,0.5458675668755463,0.9721050832061218
0.022323288040797813,-0.5337985425357326,-0.5337957767457692,-0.2052957420553467,0.8789491068414895
0.09367663303457863,-0.5517981982827248,-0.5517954761167018,-0.20395963830791566,0.6666229507183465
0.10486062568150445,-0.5332992362499285,-0.5332970190295948,-0.12944720533595638,1.157690772497033
0.20075029415862833,-0.26778696140908054,-0.26779043747083076,0.006839094807611697,0.41265099031824454
-0.09281911097942173,-0.5131808201794802,-0.5131772635162167,0.02045357772543166,0.8161203311232931
0.26587157552927143,-0.6253721214071974,-0.6253668515746292,-0.16618475241906613,0.5296103081399172
-0.021045476103598516,-0.592806245926233,-0.5928017969056926,-0.20203842638529418,0.14931058634009056
0.12198435289192529,-0.6287545968324825,-0.6287501466444657,0.22661332968550427,0.8561221380850895
0.17581227896160934,-0.7030803005781281,-0.7030740918795548,-0.16693487387339,-0.35349303387153
0.036044591970921386,-0.6714990660489359,-0.6714933873737484,-0.16560136434954661,0.1849661623996576
0.03103529380395098,-0.5866761081615427,-0.5866722445888154,-0.18416330311826,-0.4576326130626545
0.029790119247509777,-0.5159094058841094,-0.51590722090613,-0.13620644795710263,2.2016453373205347
0.03948006758418585,-0.4603789341611148,-0.4603779960953904,-0.40536512340932507,0.7309184948516824
0.22849810996389675,-0.6494718221992333,-0.6494664590167839,-0.18316804685101373,0.46401540703446453
0.1127762018139861,-0.916171505602806,-0.9161606015948462,-0.07637279178226253,-2.4103357184557574
0.07520262513739355,-0.9485339865411586,-0.9485221767286512,-0.012577372680979046,-3.1303287620964886
0.0713189572604227,-0.19024653123784696,-0.19025174843576334,2.178746725009952,-0.2964369630366827
0.12850785374996088,0.45460399919237277,0.4545841230408489,1.5699778342990904,1.5173563836696153
-0.43971559411571765,0.8753849451884828,0.8753606359270246,0.9225810042527401,4.009307485859812
0.9792928517378533,1.3315405996225775,1.3315101673311611,-0.5765498032515378,1.5196984960973967
0.20298641872239756,0.22052025624084323,0.22050581545585154,-0.1374373870218675,0.2387673414248724
-0.10569378279061428,-0.27808574689982507,-0.2780874691927613,1.6940530812782213,-0.12026986347719153
0.06999691266832006,-0.7904710361995386,-0.7904628204007068,0.8033813512958513,-1.9293338946910712
-1.0590727202966563,0.8266802366870107,0.8266738582833595,1.0818637485209242,3.4873266321103324
-2.489715638645827,2.7887653230293883,2.7887510689707886,-1.5358225970354507,2.584019438029799
0.5495348709385779,0.346947294656413,0.3469330600362794,2.7138381977790127,5.175230350842175
-1.4563914742392055,2.1293711424049313,2.129339095037627,-1.0312463412927324,0.9493968359669872
0.8235120494595729,0.1997784909777139,0.1997749048598421,2.846908403780102,0.1953229859799527
0.12057681590249282,-0.7502971211287366,-0.7502899417569339,-0.15777714858845876,-0.8069109363504685
0.12923067033253652,-0.760966109764301,-0.7609587356048906,-0.0020585203438149464,-0.7418915153888241
0.22509277815523507,-0.7469656062911866,-0.7469580539288077,-0.19346483128271214,-0.7418006750248828
0.015499616989669365,-0.6971941287905733,-0.6971876044651192,-0.2521027831934552,-0.02535414472741657
0.21834798262345018,-0.726929855638101,-0.7269227531696677,-0.0005335229674452521,-0.1697546449625376
0.23555417092466344,-0.0008099950887634488,-0.0008192868812533586,0.8647932578755039,0.1968401754209917
0.5114028606628562,0.27271930268795347,0.2727067348246468,-0.013628777355305995,0.3186344340475128
-0.00023293574700022793,0.4471019558337906,0.44708260637596026,-0.1909962923901298,-0.3736727906694743
-0.08663690747616558,-0.48200458350219944,-0.4820017268875827,0.7930204065686307,1.0362706129238894
0.11330024598417004,-0.6887319843765973,-0.6887260978631372,-0.21716589506615372,0.09404098667132883
0.009717525432891972,-0.7287732138397907,-0.7287659804199074,-0.11523164247403689,-0.056080766003657925
0.10437893517245844,-0.724791033501547,-0.7247844268576945,-0.14925127651307438,-0.4753271804241484
0.10791156005695494,0.006472980435724234,0.0064632564282668835,0.73414111615977,0.001855106862640313
0.10788948563138759,-0.5753642011093604,-0.5753609497791358,0.00844915173941527,0.4587951158421831
0.01847939644504097,-0.834322621945493,-0.8343129736803679,-0.11504136667932474,-1.4092201628178418
0.2303119289037129,-0.7467929761807135,-0.746785338135013,-0.003794563179263909,-0.2348458547899425
0.0809796696457229,-0.7146120815193955,-0.7146055243201119,-0.07045916386845764,-0.11478943838914114
0.06014605888767688,-0.7358874551862595,-0.7358804202578422,-0.17876546537990598,-0.5016625904113547
0.1546584396473834,-0.7335600161819202,-0.7335531230747739,-0.14820536034680037,0.00883624936802321
0.07717118432581653,-0.7013867790430124,-0.7013806083717185,-0.13952606662462022,-0.6185898192491383
0.2514501987915526,-0.7048841620852815,-0.7048771964045573,-0.15621093795770152,-0.514052504677635
0.08106000696263523,-0.6337653033386497,-0.6337606510777735,-0.15448134867756141,0.19283476558564844
0.02080302882748104,-0.6771372415844025,-0.677131167627506,-0.24605926989041807,-0.11128544006929016
0.3390231572136965,-0.5824056288216841,-0.5824004281862144,0.16930471792703125,-0.2725912418322591
0.02355278802401013,-0.49072905403476197,-0.49072734491082487,0.15483836312011562,1.1456799927538255
0.21000404722989066,-0.7787956879082902,-0.7787875103751194,-0.12826306110899569,-0.5319052282099981
0.022949183597726738,-0.5981708105732455,-0.5981666888920444,0.1501361702826535,-0.4633877630922736
0.019518637063281954,-0.46677354752436645,-0.4667724658704188,0.7921715757946557,-0.6446088484548526
-2.907127882414556,2.7193593311376447,2.7193677716384603,-1.3942129282000963,0.14713740011501808
-1.4688602279465583,2.152900783195327,2.152868565718933,-1.098438726810361,0.4493970853834473
0.2956002706554549,-0.08873250309976359,-0.08873946239248948,0.8906097470715022,0.48900054156862705
-0.024034559772267636,-0.09693267964181539,-0.09693954436284763,-0.14752145830837776,0.8756072642728144
-0.2658073530627989,-0.0753666783700304,-0.0753707136388929,-0.014893424720646647,1.58968401050385
-2.296773952072474,2.364219383734151,2.3642117967584593,-1.1825259014850247,0.1560383726805828
0.19762283211589435,2.3321219157643536,2.3320598807759496,-1.1220845746286183,-0.15126084608289078
0.14471133675506373,0.8407627338649959,0.8407341866893709,0.8440243918729385,2.319254909067043
1.3012385738281531,3.195982871261418,3.1959125440533627,-1.658325879437568,-0.7179525423038042
0.48825996878411576,0.9711578914373078,0.9711283866083205,0.234943765487542,0.12849823958722997
1.2260294274352654,1.9765810903455667,1.9765399354598683,-0.9559333480197479,-0.1542541071280952
1.27267941933929,0.9443363220655638,0.9443249731953804,0.01011883875571148,-2.2732337334839414
0.11289060157880845,0.33720961300074703,0.33719219376908804,-0.22708142323447958,0.33308230470903355
0.16087123318818444,-0.12264655033323192,-0.12265346457821877,-0.018344579584902966,-0.4098306852360112
0.04817874277933448,-0.0021111469668194396,-0.002120588661826797,0.2655618500223077,0.19527760805961525
0.37299475825166045,0.1392557624516687,0.13924422114090407,0.6206032251108593,-0.8707214140548427
0.2912723342871991,-0.5086639566975144,-0.5086610388163559,0.17260644324269417,0.641642568941652
-1.2288763568751455,0.9889215521954042,0.9889165460752121,0.6370618675127021,2.506207858725784
0.10180061662062033,3.314923629171554,3.3148395258040657,-1.698517416713462,-0.5552639142695964
0.6341785921974306,0.7275967330303896,0.7275748466915194,1.2832350754467396,-1.2856229017631384
0.07576319629489738,-0.6972448206933114,-0.6972387430278657,-0.029285717519982914,0.17264134319097313
0.24409632093943706,-0.7889850290436531,-0.7889762644747021,0.8874710243316701,-0.542176491911499
-0.23884454306842973,0.7931230926910185,0.7930977646742374,1.423281728882087,0.4644473069775627
-5.7815012491665625,2.879128386428399,2.8793438836930276,-1.533337172698182,1.4280039796864463
0.1641254202573471,0.33181477651075664,0.33179783665639023,2.9467794665843585,4.1704809202365665
0.0012096686761708096,-0.8122560157437525,-0.8122467286350571,-0.23782149298167496,-1.7017615238005686
0.15932968815062032,-0.6719272603722416,-0.6719218407611032,-0.07508847252405117,0.0004996319068500161
0.06671101741470024,-0.6546977453878736,-0.6546926230982417,-0.13011616097925718,-1.2051432623427825
0.07051513272924308,-0.7450431651387587,-0.7450359694027391,-0.07865435908224573,0.12641981538877273
0.17212335329548745,-0.8157799090390437,-0.8157711249406329,-0.22281843475016627,-0.8624311748173745
0.19748781331168058,-0.7117393015331259,-0.7117327192811956,0.16353876908931977,0.4742013917252695
0.26822994227359176,-0.5598247147551489,-0.559821006320347,1.2710787795387886,0.3931554825558833
0.2693360665419979,-0.6273143556877262,-0.6273090422431438,0.632857330315062,-0.33682607354832284
0.07761948430092272,-0.6932657750133643,-0.6932598762552893,-0.08252851351828368,-0.5640184017280903
0.08299057993072667,-0.6932194716322413,-0.6932134843542337,-0.09360387890974484,-0.07438368931764486
0.2013829139843737,-0.5098691880316967,-0.5098674073631092,0.02026479207344288,-0.27430672495004943
0.6040534575705903,0.3300950134076157,0.33008241103318975,0.9993757792167917,-1.5507685100879751
-2.67905709732624,1.5805268663624636,1.5805744919115714,-0.5909481029323432,0.6017157324965656
-8.368648155596086,3.55366636996838,3.5540963517343016,-1.782636364914578,0.6507233407190706
0.484431885118559,0.8524953120605724,0.8524682926281687,0.41165078613776035,0.8883605382644013
0.501936444255463,0.5914031741028258,0.5913825547371725,-0.09766297475151034,-1.2911063588478158
0.1795737046580291,0.27914176972921134,0.27912583350467574,0.11438241150027054,-0.02995147043443206
0.33827165990636543,-0.08448020477802486,-0.08448681175596166,0.6015396586286438,0.038942429061752104
0.25304687154936023,0.30143151882083186,0.3014154403284278,0.052566928030852604,0.1750399966772107
-0.21350224595502518,-0.2792513919778054,-0.2792512969036045,0.6349756171076492,0.88689354821101
-1.9167479453636678,2.836298923191277,2.836260674515083,-1.4546419589899486,-0.021693041789889213
-1.1977638062007137,2.4685107191229583,2.4684617423219377,-1.213174509295763,0.16465610069986336
0.1411454341771415,0.6906763693672197,0.6906511923147254,0.967596843675027,4.394979492045946
0.9052877751795952,2.5260856149869486,2.526024956447103,-1.4169321828491257,1.4165602571438984
0.5445056307753006,0.7896536528884214,0.7896294774922356,0.4153834613412566,0.9078920944953489
0.3844609957989918,0.9529390782945555,0.9529092660837468,-0.09791991027695508,-0.6112478625615367
0.25354334929486533,0.4565003779001066,0.4564808174048533,-0.19542662957509652,-0.8022588223539194
0.16232706303251734,0.11032519497802068,0.11031304945522738,-0.14521731224746123,0.6006245386954502
0.06427544724229052,-0.2037669394024318,-0.2037720321248541,0.11343397281190358,0.8544704513665174
0.15342199997255504,-0.5750114177085025,-0.5750081742998736,-0.015418525935311844,0.5834301969910195
0.11285698664611905,-0.5795804060798562,-0.5795769705169537,1.885154078446781,-1.5912005344266826
0.5059649737069442,1.3274804110735832,1.3274427260602373,-0.24104706278589577,0.30488538515744035
-0.739664637752868,1.291293736575132,1.2912649244865138,-0.07227278269100973,-0.24080967811980472
0.24107160018477503,3.4606078586810174,3.460519767561162,-1.7414375294695252,-0.6402208698864577
0.6173676944752762,0.8426091371633165,0.8425844891523199,0.8506621934057944,-1.2876678684545608
-4.843131023274038,2.9036238602207884,2.903753188420607,-1.534659429183332,0.4599787291484559
-1.14083900844641,2.414914868938915,2.4148663791318397,-1.2087228330677604,0.21381426735641626
-2.195128858303696,1.365542327726683,1.3655705995520753,-0.14818844835383105,0.7670029107588165
-3.8695972312186124,3.5467794361292424,3.54680512113829,-1.772290865988229,0.1545887093832466
1.2353068052068852,1.1905486848980198,1.1905291206481659,-0.2274413569201443,-0.3732826913996883
0.15317179664903463,0.37130108189379885,0.3712830762725484,-0.024475235583279447,-0.8882617228984878
0.14196987774771255,0.11844521382934697,0.11843270685580198,-0.18207158660748374,0.8906014497916084
0.1867461862546431,0.10598109594902648,0.10596922709037032,-0.09295569960161934,0.39655476257233613
0.17120702677176777,-0.22559795364277183,-0.2256026457190508,1.1767590374327335,0.5133229820240927
0.19031869641403198,-0.7996947682370724,-0.7996862109839233,-0.13835383589154884,-0.7741832300308905
0.34582341898726715,-0.48200583736551805,-0.48200298072274633,3.577804735713547,-0.35727105529155595
0.577539629723526,0.5277676403266627,0.5277497037040222,-0.09655919483236715,-1.0261594370758689
0.048927331878870814,0.13265757542247397,0.1326449284359258,-0.09395646189508725,0.7971280665719934
0.0009879268077705142,-0.25747895106677765,-0.25748247947104547,-0.07116747947784915,0.4840764118355479
-0.017022763067706868,-0.5707959292313316,-0.5707919744427465,-0.13529666526830805,0.42540717014325147
0.067245707061565,-0.5660922401148928,-0.566089107422809,0.3414579400042964,0.9112222994419862
0.5802468172715605,0.7790936160190776,0.7790700359824813,1.0195809302827523,0.5367488869047318
-0.30547969790511537,0.9380972773154856,0.9380692313252459,0.6739693186530539,0.14849262048529766
1.4384823467821337,3.311391317079695,3.3113198313803536,-1.6954352930375982,-1.2713632202713925
0.5393493527096237,0.7186677932152279,0.718644674417291,1.2606904169492363,-1.8486188082184862
-2.71329725878772,2.152957744414658,2.152980694406426,-1.0554041597607349,2.3607710013365852
0.3028554335742055,1.8688129710975818,1.8687616977458414,-0.844502751172417,2.466266635011964
0.27302298672443764,0.3804507016530362,0.380432848819727,-0.020914863474158336,-0.07887330561649632
0.2393306146676847,0.07877441141513766,0.07876333258989437,-0.07036989026269658,1.0745629425663636
0.38227439283356185,0.4601668533670571,0.46014810613925944,0.15425397781920483,-0.8872728603718943
0.07176121000979693,-0.4290739078086796,-0.4290737622431718,-0.06618384617828825,0.8800037204871349
0.3320197619983206,-0.12258797700391966,-0.12259372828863567,0.5920303626397182,0.15672536578029786
0.07973560810707969,-0.75144973498437,-0.7514424401714768,-0.09378461638971351,-0.5257638539797597
0.0970637077609732,-0.8284962773505691,-0.8284873420511972,-0.12085740196953892,-1.3651300501666435
0.11320623829543236,-0.8367210385698323,-0.836711918587074,1.0211736306691235,-1.1746531044057273
-1.1017241367765744,2.138691645822162,2.138649000247136,-1.030205702094345,1.763927162474271
0.3846011642339391,1.8296494459574162,1.829599410243981,-0.7603826046020714,2.313845692104917
0.5846669648562786,0.11576660353413094,0.11575917204825358,3.2494022763205574,0.48459980163188104
0.7147735958110097,0.6248121831038906,0.6247943959398545,-0.0801344402320416,-0.8542415583914571
0.3236450262735309,-0.09624932413317228,-0.09625593551968747,0.36874446345503686,0.6103822466136862
0.2788033856735038,-0.5820239170028326,-0.5820195309754244,0.14344511265552032,-0.5492337436442631
0.12792610447960953,-0.5539832342387361,-0.5539804630086942,-0.06686527128518356,0.8463998791367642
-0.1021499546382594,-0.683116557504197,-0.6831085580913073,-0.23453868561240504,-0.39925985464330105
0.2259500480571755,-0.5252675252008987,-0.5252650405308221,0.365171229532551,0.49911246909032425
0.053752869268658174,-0.5296255062880633,-0.5296231028807522,0.029931962356956093,0.6514984327776403
0.06506728503340604,-0.7325253102590691,-0.7325183508261335,-0.0729802563505124,-0.47923669403946384
0.03460388532003264,-0.7768520206411116,-0.7768437971924776,-0.16632884317902927,-1.4615950149440908
0.11698592684437278,-0.5911517732773255,-0.5911480778844752,0.29289966766041836,-0.3514154524074581
0.05513060065446044,-0.698230088576743,-0.698223899227887,-0.02565724637685618,-0.7873375831574679
0.22123050381391138,-0.5304792976463718,-0.5304766959482433,0.4920939783441002,0.49577405781323564
0.26908900736552893,-0.4949850243847909,-0.49498277189664364,0.4816207876782395,0.43511149481838185
0.05599650285572816,-0.5958083529576508,-0.5958045530033572,-0.10942379167708637,1.073201027573348
0.09198315080935981,-0.5648003130883952,-0.5647972094059631,-0.22485761866149206,1.06197266025582
-1.0961870732670125,1.891738249768407,1.891702582377462,-0.7622145670487022,-0.04235180785587966
-0.15883912088270197,1.0175368626060872,1.0175055998805178,0.03182647253168504,0.3094742545155756
-0.9717248068925068,2.717759759789759,2.7176994543935518,-1.3931360577371468,-0.4009921749094367
0.5563271723267915,2.2072672219503224,2.2072101399507194,-1.0683452393471773,-0.4515858338952843
-0.18247883928671838,1.2248088879690904,1.224772791922284,0.11119956404431995,-0.3785512047738907
0.7517946809673625,2.6179182061953723,2.6178533361634773,-1.3667105907595718,-0.8638365457486918
0.14766613357707323,-0.044049202946074686,-0.04405779250018317,0.15039028126260315,0.38850396730483977
0.08451755828374562,0.042135987875323994,0.0421253735111065,0.04742239832997329,1.7598410856994273
0.08074862869313937,-0.4738559049178763,-0.47385484335202566,0.029810257219609143,0.5920113803714485
0.10392704866419443,-0.6074368604977824,-0.6074328889901345,-0.25927558070976886,-0.05526505914626089
0.10775402059423177,-0.569181490646954,-0.5691782885871118,-0.19770720427158037,-0.05756413174378588
0.17096679957551508,-0.537640469305623,-0.5376379754855064,-0.1939756294193044,-0.11571843174962995
0.13741964043760035,-0.5345573985284893,-0.5345550634970219,-0.18534483733439097,0.05929059714320944
0.20533257817473988,-0.5685084347298566,-0.5685050686638792,-0.21215423306162548,0.11090699259828236
0.370567579310207,-0.27139387836839696,-0.27139557180498103,1.568707317416466,0.397764389320911
0.3807442754626057,0.340464821299193,0.34044894104704904,0.3087373185532259,-0.5664219911449768
-0.12335073817090073,-0.7327210024984381,-0.7327112623220285,0.5854395611077511,-0.8705942215501736
-0.3865086245864839,0.08250859550129312,0.0825029855251748,4.258302784187036,0.8379514906809674
0.23569367257475482,-0.7749256387753967,-0.7749172346836816,-0.16580234470233796,-0.7375810084993091
0.13497723572041725,-0.6865396043640056,-0.6865338566391265,0.20019188178542607,-0.34143301866367926
0.2025521263583804,-0.6503391373690497,-0.6503339338307298,-0.03822955180908391,-0.29902120668596155
0.08923418662554358,-0.7898269087004349,-0.7898188417046839,-0.16319461247503106,-1.0072026654538697
0.05006640044827471,-0.7611948950391147,-0.7611872022836409,-0.007435254099123352,-1.2098209453782864
0.11005054047860642,-0.6595445540459652,-0.6595394124830368,0.08885191962071975,-0.03747205392837155
-0.034976755713972164,-0.6853829154525868,-0.6853760294251379,0.10588270306847515,-0.30671990918566244
0.2683304523969534,-0.643325384211401,-0.643319800805888,-0.16867829265217119,-0.8888389303430848
-0.06278822895652585,-0.664302696655098,-0.6642959257360482,1.0968455905380723,-0.2457751076606108
0.1625094774172028,0.20754384563320444,0.2075293379891725,0.2349203545540402,0.2566767095103875
0.18110561721898202,-0.6302451716333143,-0.6302405984154432,1.1445567809190635,0.9046726052303153
0.16232796062751573,-0.8997518071989296,-0.8997412271082295,-0.1845943236540173,-1.530019924845348
0.14933115434717192,-0.9257121515941188,-0.9257009885753332,-0.1439604965575068,-1.401080124824188
0.025058470294553176,-0.924468901332883,-0.9244571393131519,-0.1696053017188978,-1.9218903362990347
0.08281455385787255,-0.9158407543716894,-0.9158296786712936,-0.147859963037945,-1.612335664613206
-0.03528701583655576,-0.9117550407479948,-0.9117426686158512,-0.13944097038225806,-1.310941526109259
0.08145160970852934,-0.8308236267932427,-0.8308145048947837,-0.12173738577229605,-0.0066438257868031226
0.17921100960019717,-0.861522992381956,-0.8615131363629529,-0.07424055892675413,-0.26910003598893745
0.16243014797124583,-0.7546611476283301,-0.7546538254844095,-0.16778211669639911,-0.77609705483387
-2.0451425600387423,2.121825034706866,2.121814651101174,-1.0659634344987985,2.549515479081217
0.5374569967720062,1.5753731298763092,1.575330236779895,-0.5366875532472601,1.7031682476431906
0.18975958192498266,-0.5767402265398706,-0.5767368547519471,0.8536039583411523,0.24995097103983904
-0.029257649680509812,-0.7053605405846882,-0.7053532955281312,0.06830484403515978,0.09521803052690372
0.054031641758698526,-0.7520569630772402,-0.7520494755099989,0.8652891774434914,0.046140567529398685
-5.754749758680384,2.117281750533544,2.117572389384574,-1.076584382438901,3.174364960403189
-2.794894327199265,1.9770915918395726,1.9771263720778445,-0.9187207282690448,2.3801487811825335
-0.20002656504937313,1.167638631710349,1.1676041776350545,0.4149057201478891,-0.43665036007875097
0.41934578434273817,3.442623159732183,3.4425369054052846,-1.7387351097958508,-0.5824462216027935
0.7889437888160559,0.7815630102634168,0.7815424198059162,0.8976800755542205,-0.20197521158389928
-5.438295389433215,2.2166611659333575,2.2169051516747826,-1.1739923669029444,2.3321638850756305
0.2512917604515525,1.0965080403855216,1.096474287919743,0.10311592013927161,1.3702250259057107
0.15585801894246396,-0.5024563480920672,-0.5024547338755316,0.4015558065958492,0.9316105881787644
0.19331629441240003,-0.41173700838723903,-0.41173716255450804,0.7176928383744745,0.8122017296195835
0.24802054472299195,-0.8193928266299564,-0.8193832449278379,-0.1212648749266868,-0.4807869968180031
0.19754484393332064,-0.8359174465251009,-0.8359080759076841,0.013991606094863598,-1.2689971951750816
0.1112578493489016,-0.817296904531232,-0.8172882207088382,-0.12135974654805638,-1.578385035195457
0.1951676533396057,-0.8718856801211169,-0.8718754570730485,-0.11500415723877422,-1.6261250479797407
0.1753137854741936,-0.8600235509762282,-0.8600137286265207,-0.14295788712295895,-1.394608163887504
0.08345434162081929,-0.8172772457456295,-0.8172684280251833,0.07014436371667847,-1.6603216984826163
0.14771689129195317,-0.8619982513605424,-0.8619885637891177,-0.004103739805079785,-1.7983550599777753
0.1294777343175501,-0.8567060077585141,-0.8566964390220857,-0.05279678878085456,-1.53482802388575
0.14114442630618618,-0.9114223639410676,-0.9114116113528168,-0.09700016846725822,-2.2801055658320855
0.14782445651200213,-0.9006417814701467,-0.9006312261752941,-0.17885539916976756,-1.8332774717961433
0.07339833096278878,-0.9115074923042347,-0.9114964691255005,-0.20923958329192116,-2.1491253135968362
0.10727636413356421,-0.898201808232962,-0.8981913077266326,-0.22253063645122204,-2.258760986277468
0.1642140513520445,-0.7508717935561557,-0.7508645565005099,0.06169560631161107,-0.26663845970591077
0.13423503493271224,-0.8973701386060603,-0.8973597015543329,-0.23030036220568226,-2.120649332755484
0.036994524451380496,-0.6951894700291108,-0.6951831698366943,1.1909970181482612,-0.909755367172873
0.2037682855153596,-0.9038809582304476,-0.9038700167425183,-0.16975858991862885,-2.2853592603367803
0.21912200700068352,-0.46995844991530455,-0.4699572967457782,0.2673391438806089,0.08966254280283513
0.16827139360297372,-0.7561047473355469,-0.7560973927762314,0.7298641535787312,-0.49044925672643236
0.02109760411860719,-0.9063155577676952,-0.9063041585934616,-0.1624359757379345,-2.1190387848859356
0.033309184036137855,-0.7988891610548647,-0.7988804427719606,0.6391937269639946,-2.03126084123958
0.20116878885067396,-0.8750129047993989,-0.875002566751052,0.05435442864994338,-2.2095725939773554
0.12550700529563374,-0.9083435921238833,-0.9083328638882688,-0.21760534336613446,-2.137214150846696
0.026129870459307623,-0.909400733243971,-0.909389354353137,-0.17966771985240246,-1.8409005634680278
0.10917870132756369,-0.8523303382423906,-0.8523209125395188,0.1864838948856326,-1.3911134391625206
0.09745632094237978,-0.6268793546778337,-0.6268749465975526,-0.09351665852544418,-0.6846467758018276
0.15896138953544134,-0.6149049599850965,-0.6149008207845679,0.5123644554974351,-0.40887306839252635
0.2968765994520114,0.3379959644248475,0.33797924401325047,0.2170424662166166,-0.48123220524138866
0.22791680692648744,-0.4262596115900567,-0.42625935009902033,2.1171953358603033,0.7754246095659765
-0.011654919296354196,0.6617065738840323,0.6616822264548297,1.1753661274545693,2.687712414986176
0.8876016864302184,1.2026128203797033,1.2025838501502433,-0.04207221296615785,1.5857886246627322
0.2354395454788129,-0.4506371326688305,-0.4506362342316536,0.16482147374789072,0.19931869998544702
0.15161927274236173,-0.6195031454594407,-0.6194988134490303,-0.25964794613509046,0.2614965045780851
0.17910658083352826,-0.6217110196401838,-0.6217065484932779,-0.11244443105363933,0.3702734137955929
0.10253150001767429,-0.7582615713668894,-0.7582541683770415,-0.21808224902516535,-0.14583867316158067
-0.044559264493899055,-0.7615788011187739,-0.7615698906875219,-0.22120654041747204,-1.1329033729612579
0.03456455527176068,-0.6602375822144948,-0.6602321564109609,-0.24844484708706976,-0.554737241735556
0.15198163184320854,-0.7168825593044036,-0.7168761302418517,-0.24913707849235803,-0.42944965793828555
0.1441318289076512,-0.6306460496486075,-0.6306415569888518,0.042318878464302614,-0.2522868632179586
0.30222338308014485,-0.03059695120902293,-0.030605036790621154,0.8341379689152264,0.3534628769567695
0.2360208485162222,-0.03256981557919208,-0.03257857333822723,0.5882897371873546,0.20947663816200865
-0.0024351107033735173,-0.6537054021328584,-0.6536995856486204,-0.12006142907400433,0.3642234696277105
0.1518357470104001,-0.7477665114859494,-0.7477593889378703,-0.18877850122211987,-0.528727645981181
0.03796026486203968,-0.7312910609452277,-0.7312839501075069,-0.12656067014469705,0.29920330483785235
0.1491425798962404,-0.7936222186233727,-0.7936140216257836,-0.1906481870023267,-0.7013794509257759
0.30785352975559616,1.0329706661948728,1.0329383404328132,0.44201765023523354,2.6909033898848937
0.7322587874124058,0.34059952204427807,0.3405893705853793,2.731676760162179,4.011141064301128
-0.45229616251429744,1.280220690485145,1.280186753457621,0.06465541698942248,1.6285095393601268
0.4894992038262248,1.5531338935640955,1.5530907833626895,-0.48632521807537926,1.7640690056110302
0.07902074806302542,-0.8254470161022051,-0.8254380597129953,-0.20889432284605514,-0.9015360572304542
0.12765382993621818,-0.8337224692242063,-0.8337134165730006,-0.24143603479118125,-1.4195606418803746
0.0683328997691767,-0.7919322795548815,-0.7919240309444746,-0.09684389422419432,-0.7059765194793823
0.28380035344975363,-0.15320731924440575,-0.1532129203432214,2.086667160945905,0.06984380974784053
0.403745665336687,0.6654208752804212,0.6653975191640732,-0.4302358506734633,-0.5808320866670734
0.3941611562021923,0.12036935665342151,0.12035859766718886,0.2899109997305813,0.3562106009431454
0.2710462465987437,-0.6276917685466282,-0.6276863570677519,0.02004636303803233,0.47320631796447826
0.027801725774179706,-0.7945157753612144,-0.7945070657211029,-0.2144013952984421,-0.7014523429154323
0.02900881152800385,-0.7564446338565561,-0.7564368686467933,-0.23320564842477917,-0.6781508835933313
0.11465478479749268,-0.7811096926627872,-0.7811018214082782,-0.2056572266504303,-0.3264226169408589
0.16621420588441052,-0.7500454528483582,-0.7500381895680012,-0.244197112091659,-1.0134554290589282
0.10647130476812253,-0.7554279746093265,-0.7554206352466442,-0.2092403068103664,-0.7257700646650623
0.15535638130799675,-0.7217765669602744,-0.7217699384452841,-0.22532446130868314,0.052120304857293645
0.04467413183473749,-0.7865635950712507,-0.7865552878929774,-0.2515541548911061,-1.1150888276047677
0.26441618935332345,-0.730594092063411,-0.7305864595178919,0.23500601708517332,-0.5381304926769217
0.019838868184019004,-0.6466299409876008,-0.646624641618341,0.46338136210824116,-0.8606660946649044
0.17388260358851626,-0.6651403669135959,-0.6651350996991572,0.27017284260383145,-0.0915035943124245
0.3354841504287615,-0.7608151983577396,-0.7608055885956145,-0.23280421197463003,-0.7460006947046088
0.12007327568719871,-0.7719734623725594,-0.7719658410479,-0.1781818009810687,-0.62631394985895
0.11643790406494635,-0.7782550936946375,-0.7782472865388896,-0.13266413050313428,-0.41258103261334905
0.12799378121906968,-0.8189324796686948,-0.818923669560528,-0.17960177119655535,-1.167745963459829
0.11503686598387182,0.3655707474044143,0.36555269133598883,2.641270337414975,2.4683005472206334
-0.0782364030812509,0.3695598239909103,0.36954275306538376,2.5126215152780875,2.507404502581815
-3.3866657637481,2.5641489646266984,2.5641920570676326,-1.2969182506062495,0.25371940746753435
-2.652754671053195,2.425047875786606,2.425055401910386,-1.2411984852095246,0.549971982076885
-0.8210360251362477,1.2850577369216847,1.2850306769334707,0.07363335702322359,-0.4356134145184286
0.23365889139190837,1.7321350626823715,1.7320868583727933,-0.710016802080154,-0.8652253391081679
0.235762689936459,-0.6164943213031019,-0.616489698615893,1.5238856466159134,-0.20290230385427052
-0.5136516122793573,1.6962606001502545,1.696217500249331,-0.7650209213695824,1.6009148837147675
-1.9575320359836375,2.024666032120982,2.0246560389847574,-1.0422451099058725,0.7547653946880823
-0.1792146914776308,-0.29204527591092067,-0.29204552047327964,1.3777860666226138,-0.20849716210326752
-2.269955660001959,2.5982042506068415,2.5981874689793454,-1.3179289692139564,-0.19013990875589118
0.16625353336812534,0.730857673275435,0.7308315939694803,1.3494724377698308,0.6614565106333633
0.22866417016771168,-0.5206271561820498,-0.5206246861497587,1.3656641347032257,0.13871387243702094
0.06279081998585238,-0.601248597212108,-0.6012446750995287,0.6043293797950021,1.1259380512411314
-0.004093630321126782,-0.7747727570121917,-0.7747642220138874,-0.26793011562062113,-1.092004660485475
-0.013260547487688514,-0.7981491130118873,-0.7981397844288537,-0.2582522319958427,-0.43386621479270965
0.03584245357728576,-0.8051336690665455,-0.8051248553457948,-0.2128568422438946,-0.4305424124850449
0.5007047182366546,-0.6082521403398766,-0.6082423291479337,2.8589758365228,-0.9712971421424644
0.26252875736541137,0.07976030623022855,0.07974920526715194,0.5201492400361828,-0.2237336341708134
0.2669635844751887,0.126529228891096,0.12651725687179402,0.9944088926784856,-1.0669799605261503
0.2893577898012217,0.5370947713071491,0.5370735802196409,-0.24030064826152786,-1.0375758034380036
0.21250807569054841,-0.2817804342914443,-0.2817834170166226,0.48583650216976193,0.5890282216039867
0.0901683239985883,-0.6045315696268946,-0.6045275737966175,0.21952112158846865,0.1426732859650342
-0.002497296084861424,-0.6015557041635021,-0.6015511482373899,0.38939350758497593,0.3848921746745166
0.004573444400964521,-0.6856337776779746,-0.6856274233754525,-0.03621253484913568,0.11655080947354275
0.03815959250105182,-0.7800640154358983,-0.7800558094229921,-0.18761752905047382,-0.6375682024127414
0.25470707351659616,-0.7438785052391,-0.7438705743979412,-0.16171551285134347,-0.1740050371462941
0.11088988669070773,-0.7394608760826359,-0.7394539400339372,-0.21237416103361198,-0.4698851734485527
0.06006448545422392,-0.5827957594371035,-0.5827920725555501,0.6911659221935015,0.6978524777299062
0.24766580492140283,-0.5696530328164174,-0.5696493723700311,4.632597240175814,-1.2131606476946064
0.3470590841658398,-0.31332324686608753,-0.3133244465954645,2.2362246595780295,0.6469914395760407
0.0749948908800823,-0.19950398324248486,-0.19950917168770788,1.797414667795239,-0.25597858957923386
0.23272061225908539,-0.34790542412504444,-0.34790683248308085,2.7741892898624814,-1.0399060901064512
0.3680609811632968,-0.3994951825609752,-0.39949399953926296,2.8707076011823234,-0.45350752439079123
-0.10490978741522748,-0.5714722989300567,-0.5714671646783793,0.07999250677324662,-0.5173765991049962
0.20727457880943928,-0.4455474327735907,-0.4455469173023442,3.3701559973000728,-1.4981293411263894
-0.027586235469465502,-0.34467744257294547,-0.34467883385422965,2.2389352656766803,-0.766017372694902
0.04136929989120896,-0.5557427627214101,-0.5557397728626229,0.06445938042853601,0.36159619675244054
0.35046216942244834,0.3713669992796915,0.3713498877748408,0.5767579934016867,-0.8533377343623471
-0.5283564956795936,0.3298702136269218,0.32986173604438496,1.9104990729424178,1.482332254081341
-6.516265498213758,3.261805680035233,3.2620602301862034,-1.6713491972405108,0.5058518112393408
0.08956035469605564,0.8855209971328046,0.8854914449301152,0.7323832576512553,0.30475117499694393
-0.2929114393807991,2.8263722664211635,2.82630056621356,-1.4574634061604776,-1.1313207567236572
-0.2444540707044896,2.489063688394971,2.488999920541361,-1.2582012240296836,-0.7044349789827703
-0.08584306420136796,1.5108597126537868,1.5108164769846169,-0.45905752981275555,-0.6217269615266826
0.3237603082460088,3.5452783826135335,3.5451898232088737,-1.764725123091763,-0.8606013573000219
0.8170100559394075,1.0906449755076957,1.0906176238702718,-0.02029386350794457,-0.6602173191815074
0.2306247638416633,0.5076569265594573,0.5076362173664625,-0.23511629174622345,-0.5773948715976689
0.1380485621719524,0.3144722347043823,0.3144555051498355,-0.16364559271334586,0.8645656091575368
0.14496837334107898,-0.3583405224708551,-0.3583421443116325,1.2144347057796487,1.254621455093588
0.4742118171758385,0.6025136569690399,0.6024926090030841,0.22875616926428508,-1.6267937894439441
0.3069239906335003,0.39733468773146124,0.3973168140143083,-0.3410418352167532,-0.32231801016613687
0.1519449920153746,0.3215501140146114,0.3215332255294059,-0.22169702548771567,-0.2739604086583555
0.14475290694399595,-0.08669873679697619,-0.08670663735357304,0.7732290590929417,0.28368961301821427
-2.258025422260721,1.4234340927636193,1.4234632140866657,-0.23893380579957074,0.4161094841737742
-2.453240660544718,3.621597102104112,3.6215534000166247,-1.7912431974153733,-0.39266749282670566
0.5558563606691259,1.332657075346135,1.332619811451003,-0.4138006987619535,-0.2531848574945288
-7.181539029858444,2.9884133220452416,2.9887693025734903,-1.5759101741636241,0.490854156008811
-4.279081751829975,2.521860453849891,2.521969337050579,-1.3241582334566062,0.6575157528642516
-0.4140571383983116,1.5586852838455811,1.5586438401832452,-0.6379152019802375,-0.590223032993985
-1.2266833117421843,2.6270266275884264,2.6269740913825825,-1.381346357225214,0.302907005733622
-0.0727329660448855,0.4150270574037281,0.415008786412216,-0.07848454815213923,-0.5862531081009732
-0.00011316067041613052,0.0294071257114453,0.029397155406832787,-0.03265904804485668,0.6465364400449979
0.2430953948048413,0.13357343301505387,0.1335609445826364,0.1594005342000832,0.3192183392238655
-0.05143850436909876,-0.24253469154224416,-0.24253810771499681,0.03538943601435027,0.2651641871668434
0.7108752637963225,0.12731110223191572,0.12730645654766554,0.6938812087666192,-0.511749140732291
0.22443752354818763,0.4932763681583051,0.49325562363578956,-0.06508430853790481,-0.9363041326459219
-0.05216950573578109,0.06447320464972049,0.06446280519038686,0.33087275861344045,0.10067453075308343
0.6681617234842879,0.9085353000992512,0.9085097091032648,0.2445237016894366,0.6356006024560162
-0.2230330019719025,1.5188625848464887,1.5188198859535889,-0.39335678812321045,-0.3245451857410978
-2.910072076075078,3.3516804532333104,3.3516646645608574,-1.7105064916443298,0.19594410239796492
0.2728500945404065,1.1605639766200821,1.1605287858065025,-0.2788298229288096,-0.4586453216873501
-1.8410917864033574,2.8467045557491004,2.8466632075100704,-1.4598099082421598,-0.2643158139881566
-1.6050118688558788,2.5216906449318848,2.5216512211576267,-1.280855560769828,0.118715638555035
0.3941007557524726,0.46580064038090857,0.46578194576821697,0.03628731532706225,-0.9356814467060048
0.17272157215178055,0.26476658502799616,0.2647509715918939,0.16224332172867192,-0.5974831744707073
-0.006687300311994375,0.30349501959660347,0.3034788947691995,0.07632138693139044,0.014636039776797354
0.08158461277083245,-0.1167512432557844,-0.11675820031763745,0.2400839809554,0.5267238394195697
0.36115159235437994,-0.058632618519845,-0.05863953721496947,1.0767806837866882,-0.6338732535123337
0.4486335808057164,0.751552508225782,0.7515277554195253,-0.31447554979103803,-0.7016264165912983
0.4358198428721283,1.0296970081933101,1.0296654724170338,0.12462559340763789,-0.22893553865050364
-0.020950464390741212,0.8495954844512871,0.8495670971787609,0.34100937731811937,0.12503244433886734
-4.2440304517203575,2.296254259918823,2.2963760902567096,-1.1502777425209578,1.9092748619983506
-0.04964934621072384,2.181962827194098,2.18190452220043,-1.0608264145320105,0.6956517059249921
-2.848260094106498,1.2405441561243362,1.240624313419243,0.2181637304800433,0.8636489758910588
-1.9582732545459585,3.5989992608827754,3.5989403037206475,-1.7817914719233385,-0.583861943768501
0.8177719550904912,0.84797674690696,0.8479553816355262,0.890219010888342,-1.5095032700235935
1.0113445637527636,0.8518271820350838,0.8518107456444819,0.14856635448038205,-1.4518028672616374
0.22360209341483642,0.18933398865701362,0.1893202481459082,-0.23149754517470875,0.6135004648087659
-0.01306995985940349,0.1513204353033459,0.15130772748912713,-0.14633652853525664,0.7395520677778206
-0.016753289661849757,0.03736002249473384,0.037350052730640175,-0.055314564420248874,0.6540098617140766
0.7390137898816009,0.1362027843941816,0.13619847640905675,0.445397608219152,-0.32290240543899934
-2.2975184532679322,2.9768150863480876,2.9767862207950504,-1.5477052453857925,-0.1533527069989491
-1.448484924065572,2.451375064764155,2.451332921031824,-1.2204182354884394,0.21505985894364676
-1.0689683820196187,1.3612655790702313,1.3612436144022733,-0.059253798544676176,-0.17488016124190162
-1.2964812836063115,3.5235360344221527,3.5234615762998245,-1.7606795512553701,-0.4299375869456101
1.2230346812244353,1.0272906653615639,1.0272753043564733,-0.047613544643601506,-0.47302619106167954
0.03453946364472019,0.8068061448403604,0.8067785392642771,-0.5854502148159574,-0.5265835049356492
0.057321009422683505,0.19879886547921607,0.19878473331916627,-0.005808822672027094,-0.10578784267199391
-0.09038590019957919,0.054311896315695135,0.05430190414336835,0.02441683873539069,0.6312942608696941
-0.10480581001061491,-0.35430120178994906,-0.3543013022581093,0.13805677888826437,0.8583916273976022
0.08067265625247631,-0.5700979751711932,-0.5700947525320952,0.7787886820016373,0.44584695896550575
-4.355376711198733,2.706752631085665,2.7068559296595733,-1.3685582387044601,0.527371135022385
-1.950776212856158,2.5147485411067283,2.514720378611514,-1.2428870603330633,0.2603858570093667
-1.4247009339351868,1.1347231074868234,1.1347212757521292,0.388770915687299,1.7497545694325687
-0.49838129532128306,1.03046580553095,1.0304385513550867,0.5568992216417007,1.499546641835702
0.2020544124963347,-0.6878480107369764,-0.6878419649534455,0.8836056651668885,-0.4927817653337427
-5.845813941058863,1.994997476522666,1.9953145049619447,-0.9192906971538612,2.6757469267541514
-3.5781112261376355,1.5492444095497635,1.5493633105404276,-0.38460611296667646,2.3734009899365947
0.2673294134218436,-0.6248429015250778,-0.6248376435759088,0.05423345153274594,-0.12189719778992066
0.15986785020785024,-0.5022566255777455,-0.5022550158458909,1.9699583539191012,0.5611052080006921
0.4477696943463593,-0.09504140594902158,-0.09504634282537056,1.5777349042408104,-0.809854312494616
-8.992484352626551,2.618891562377277,2.619557477270205,-1.3356971664960582,1.4397002503773861
-1.0207906526536623,2.4680406995018105,2.4679877926300726,-1.1864808243978464,-0.18925717093845146
-2.784529413069377,1.2360657145969194,1.2361411362319104,0.298019740660503,1.0243156482486846
-5.112251792266416,3.3358190822528786,3.3359412133699013,-1.7068667705955602,0.31084928005488865
0.9490419101960398,0.7431285170813582,0.7431134467554898,0.5575853819003264,-1.7928958289788357
-3.296264344999969,2.8860303666273603,2.886052976534481,-1.471687818481529,0.12925286583388684
-0.3053771566525002,1.6237941070211126,1.623750126653009,-0.2991990418994095,0.32887369897177954
0.10259626277908612,-0.5997833683626451,-0.5997795687107881,1.969029114451345,-0.625345108176442
-7.4994515447450425,2.0077270551798696,2.0082752199294234,-0.9574286874919952,2.95703436737004
1.1433621385552502,0.4307076929429488,0.43070787737713545,0.8826229860269355,0.03180290422589662
0.4741545762605131,0.17773449909654118,0.17772334759787697,-0.016973978989593005,0.0668053187863745
-0.017329545650811014,-0.5139600066703315,-0.5139575072266335,1.7438023838863053,1.609742990574916
0.014198073467329769,-0.9109011150471877,-0.9108895681264602,-0.2137107569669085,-3.328640420931025
0.07697005636769336,-0.9008074257707018,-0.9007967771967249,-0.24625815567990095,-1.8663200478784912
0.16967254452456235,-0.8931876983835014,-0.8931771761273156,-0.16323867147627769,-1.69407533840642
0.03003112606913249,-0.8700110648981274,-0.8700006600445809,0.1762866886786226,-1.7542980081604937
0.12190278266416875,-0.889878842647352,-0.8898685290295445,-0.10685438981291216,-2.0382189677775395
0.1536551695075633,-0.9088517650145833,-0.9088410253681707,-0.19329925078945984,-2.412244412418402
0.10540741619122597,-0.9015436674428906,-0.9015330918965863,-0.19973086758544203,-2.339130663090801
-0.034380444888189914,-0.9063156473293609,-0.9063033973363979,-0.1639991741262212,-2.338780594259631
0.07063210730943222,-0.8156737336844571,-0.8156649071903397,0.12151269286695972,-0.5736841243934107
0.3467294257330626,-0.6289656936783372,-0.6289591788781792,-0.13810012754878617,0.490939184729676
0.24322167359832797,-0.7863176139566389,-0.7863089092833175,-0.2439239968638938,-0.6724375102002719
0.17144423291971161,-0.7890275708348202,-0.7890193874483666,-0.22186173763269076,-0.46556696804618836
0.2034087243463506,-0.76324617064753,-0.7632383870517395,-0.27785585764956755,-0.5383649929753184
0.09406084472680035,-0.7138316411652256,-0.7138252806096952,-0.2449765532152568,-0.13278927475645289
-0.006142752507490245,-0.6939154553357362,-0.6939088255121396,-0.2796916345624973,-0.07856413158667512
0.02932209782801056,-0.7392455698384972,-0.7392381908261325,-0.21553755487111556,0.0648117980895554
0.1258355277097411,-0.20785319039612016,-0.2078581913635783,2.2553574888481873,0.264267954434155
0.1187567208502201,0.4911490994766155,0.4911282236016711,-0.12150726364276179,-0.7920381330341554
0.10939988284022928,-0.18540867874631678,-0.1854141836953866,-0.22926512013128297,1.4440916627075941
0.11405656465892101,-0.09885243394427479,-0.09885997203530711,0.4740623858201281,0.5177949744047847
0.30030088846703884,-0.5776748025205639,-0.5776702454716399,-0.20396171731438223,-0.4381182820176854
0.19257835335410164,-0.6447676852744664,-0.6447626964003009,-0.1438242831297483,0.2944214906232453
-4.4797153043698055,2.22693854618602,2.2270859349651104,-1.0768487451350826,1.539077318560285
-0.33190678217153596,2.2004967182764843,2.2004397883055558,-1.0488027960662532,0.7069465901247389
-1.6498186622535114,0.8752360937002305,0.8752551346539679,0.8937574425480233,4.229352409450911
-0.307995466908352,2.224050003346602,2.223992544497044,-1.1526548520577173,1.8992622012364875
-0.028983242066718734,-0.7030547755034278,-0.7030475822218089,0.20439300854391726,-0.06368815538345707
-0.6433465189728879,2.108128548307682,2.1080772748094603,-1.0112868831114143,1.5893879112007385
1.1847354618233006,1.471758880679552,1.4717301360698127,-0.5817698965994113,1.3118943564449217
0.03529264330153397,-0.745078228530847,-0.745070808108358,0.026229490411646815,0.06716646821679216
-0.15770195521469463,-0.7732745694697826,-0.7732628887448824,-0.16287785460408608,-0.5767561852635662
0.20440135157404704,0.08757384506182,0.08756221041055631,0.6365853488731227,-0.4084426818487628
0.33599328682830093,-0.13736878648870562,-0.13737429543651716,-0.1233700821986065,0.9894176035281165
0.2290935283237949,-0.299685960727875,-0.2996886309520076,-0.06714585209697548,1.1934687285108505
0.06765086605649182,-0.32273331194893357,-0.32273564377426683,-0.0834074279930062,1.2629376898751417
-0.022894932129407606,-0.3230789304165422,-0.32308053800392883,-0.19155373019203384,0.6783219628339376
0.0734556949768568,-0.5644140336245973,-0.5644108490562457,0.14541311168662363,0.22887994342874954
0.33187253590212884,-0.10934959852435673,-0.10935564707102371,2.6148184084274337,-1.051043640368582
0.013350661723028715,-0.3259149005582439,-0.3259168027037898,1.7108799173708484,0.5279156438767867
0.18012352006289517,-0.6835066881196163,-0.6835009189378795,-0.16985208591767947,-0.25987701497674315
0.06806588833817229,-0.6461252610018599,-0.6461202416439301,-0.24351274423252306,0.12374092744402415
0.2714430041044857,-0.6200911177942038,-0.6200860561038976,-0.26770644112678993,0.25251808577711543
0.07692154007575223,-0.624892429126163,-0.6248878865421099,0.10848375651474668,0.2643032552017074
0.050767370850868306,-0.7487184176489394,-0.7487110050472635,-0.08770139091556482,-1.149180042488596
0.199251100217645,-0.796661896773516,-0.7966533180625036,-0.2669675084340986,-1.059694229898312
0.16726789778212545,-0.8016219561577779,-0.801613534749783,-0.35605781217793175,-1.1847581298086418
-0.02725592051006092,-0.8024147560218027,-0.8024051525363273,-0.33076751536375687,-0.7228234934042169
0.08358252331570251,-0.8438807772424336,-0.8438714069312463,-0.2847157201949946,-1.3080349926903103
0.13221134994746367,-0.8364879991159018,-0.8364788843659419,-0.18848951078723847,-0.5589725461318966
0.08903149172300895,-0.565497908901871,-0.5654947895552327,0.3340054165316974,0.158643277787761
0.24964466850040723,-0.29080036875887094,-0.2908030593857438,-0.47768428066943497,1.1178904517180153
0.2590865574833304,0.42483441803524263,0.4248153894658451,-0.29022025181159045,1.0821984926021664
0.20885645920167356,0.1007585761036795,0.10074682451440348,-0.0907523105061369,-0.1963539325732803
0.10057437106041643,-0.22016182922493285,-0.2201665538073339,-0.1056305885742562,0.6352240549375632
-0.4478891044292129,1.4012641771805918,1.401227163936333,-0.36051023524836967,-0.30697180947523
0.42446958485681646,3.4627777587155397,3.462691051826009,-1.7418886312638284,-0.7751129769875854
0.8863748022952871,1.044530390375812,1.0445053280562255,0.12623227757669733,-1.1520052039958553
-0.5300683478275936,2.3766663057746733,2.376607211186435,-1.2089723821220748,-0.5215565130263714
1.0805564214702903,1.2838710448522848,1.2838447279879543,-0.6563313334175821,-0.6020373327120124
0.10638704496106727,0.6066540927704254,0.6066308024011003,-0.3796639491644452,-0.13923851489427544
0.14545521860997285,0.4793167495855439,0.4792964976394167,-0.1380614415162516,-0.7242209473114415
0.19178651556298612,-0.29677860993867805,-0.29678152456539963,-0.02107788060494756,1.1123110741271571
0.2249778141878423,0.14318644483218365,0.14317374054382492,0.17762461101279065,-0.0496450942461105
0.18217868947499058,0.13636524925560736,0.13635269813418735,-0.15906006039456644,0.03396388315284318
-0.04354522834321264,-0.4936527946087665,-0.4936504824755968,1.254135578464477,-0.5476154362416263
0.060390881770321286,-0.7356569234589663,-0.7356498937070372,-0.21590983135499867,-0.0669095932378011
0.23120584119804444,-0.6957795918438486,-0.6957731888408524,-0.18441372807225276,0.3118682073125946
0.08184478196339205,-0.6758974394472929,-0.675891930687534,-0.11460737711942254,0.15613773568431472
0.03593881937631205,-0.6717348819145005,-0.6717291083845172,-0.2118367683545446,0.45585751489165427
0.08426365943338901,-0.6482661430567229,-0.6482612547455398,-0.17845015198633157,0.3193893599454247
0.27864539869556004,-0.6236211012827568,-0.6236158707685734,-0.23504606380089188,0.4382803924052478
0.08273186227750731,-0.6357018952342448,-0.6356971994880515,-0.25546240681943705,0.6326216993303089
0.1362918854120118,-0.6128872252204542,-0.6128830417676153,-0.23155672140312045,0.07092685399458151
-0.01154063237204592,-0.6195218638475543,-0.6195167253799398,-0.2135911668021067,0.6134388476240659
0.14239688933401426,-0.3686812228211075,-0.3686827020256731,1.9422936903332761,-0.3445920451189057
0.940355570520726,0.8817821558400372,0.8817628973919986,-0.34432131727846105,-1.6607498462548762
0.279038576079537,0.4380332998202693,0.43801433311441984,-0.34279494967126434,-0.08254708491884752
0.30008597857885483,0.36774709587886095,0.3677300656573448,-0.2520811532213269,-0.21070605180234758
0.1829235804831336,0.12492732893990455,0.12491503465194138,0.12088224021056317,0.5016937496233617
-0.1544694027495501,1.6240778383777812,1.6240327769227605,-0.6559966880360428,-0.7890070251571792
2.0943579459532455,3.412473478866182,3.4124165606265278,-1.7290483340682434,-1.228679347335604
0.7374035352291892,0.7021519055824809,0.7021325609083904,0.7013406135412943,0.37576242008049915
-0.15255966937276397,2.7180549550396265,2.7179849705722487,-1.3853142356112311,-1.1706326873576196
1.2152939860900454,2.703967263285036,2.703906909354637,-1.4252666567985,-1.4712198351757009
-0.7318845510208349,1.5212631957316354,1.521227965945059,-0.5755219716454023,0.14071657223532424
-3.1433793175434404,3.5094476261742367,3.509436892636323,-1.7633111134567026,0.22922612754162824
-0.23448397527514708,1.0790295439707438,1.0789974378120584,-0.0053993845712944945,0.5981274853996937
-1.3217939959885694,2.4019775072174845,2.4019332485379614,-1.2216979727868327,0.1155305356124618
0.3207041152461464,0.24950294860387923,0.24948839438323842,3.727667687736883,1.3376571978830536
0.04031717493790549,-0.8248427435443001,-0.8248335768246278,-0.2190026757414742,-0.7817580014184629
0.13975011121164954,-0.827380831586166,-0.8273719213336369,-0.22842492453344343,-0.6690899559941657
0.14982595487230857,-0.814139676694969,-0.8141310637667339,-0.23600039212077423,-0.6655644251945015
0.031069915325317145,-0.81396727048866,-0.8139582584132848,-0.25353204371526583,-1.0819891667411714
0.13491168820452112,-0.823176538317197,-0.8231677224702192,-0.25425318234797856,-0.845881864952066
-0.01258837706175729,-0.8228216949980299,-0.8228119019627025,-0.2275594252769481,-1.0682077831035386
0.23177762459935664,-0.8273770252153774,-0.8273674881307368,-0.2451393846510589,-0.8893301618600084
0.14289516355179466,-0.8190638218513193,-0.8190550983535763,-0.22258633172555115,-1.1590794920567775
0.2653494316959269,-0.7823929322077202,-0.7823840022026058,-0.15353887735034516,-0.4210661594716469
0.07564823745661887,-0.7963555958771124,-0.7963472927229152,-0.19327937553374333,-0.6253091820190437
-0.08776947745778119,-0.8001269032736652,-0.8001162764450599,-0.21071738469703147,-0.6974218346123744
0.0912248163926982,-0.8008788630181695,-0.8008705030758306,-0.1975232568059056,-0.657126984305717
0.21000012858658346,-0.8039158543183443,-0.8039071575027414,-0.23173664058016946,-1.2346998984358777
0.21853263073740303,-0.7913380379035255,-0.7913294443979345,-0.20025416249017178,-1.206562353831737
0.04947849111167731,-0.8121268230411027,-0.8121179866316453,-0.2533686325830902,-0.8568567470335081
0.16563660093839455,-0.8123789391298092,-0.8123702761785052,-0.2154390341219587,-0.3090565485037013
0.22260622458691726,-0.8181823111575028,-0.8181731148755936,-0.22354241237556294,-0.8240821098423969
0.10210684269482548,-0.8090150925309721,-0.8090065498931874,-0.2199062047143893,-0.6934466419167808
0.09872917732857109,-0.8138792761521931,-0.8138707586307921,-0.20837309367423318,-0.6452188023788322
0.16143875429553287,-0.7976598824134649,-0.7976515947519159,0.09564550481510535,-0.18347854357026952
0.15127629399980852,-0.809027228136663,-0.8090186852263785,-0.22465462227529637,-0.5776177723036175
0.2940622031573702,-0.3683370373401487,-0.3683375391170475,4.03278739351544,-1.9187607109698546
0.20039117922256136,-0.12624065997436537,-0.12624713527658696,1.410383465670154,-0.9798961938156409
0.14403121107288971,-0.45285754548275975,-0.45285704498546503,3.7950367101573583,0.8042610011311055
0.10879415496063544,-0.10589260779327997,-0.1058998982406585,0.6653334493144256,0.8892880688559953
0.13977913045794724,-0.5537373874666227,-0.5537346217569616,0.17820017166311206,1.1306500675167919
0.06530000320635798,-0.6394899954431005,-0.6394850355174784,-0.1961266222376895,0.5180197356921663
0.07271428150819324,-0.6596140538984826,-0.6596088212153111,-0.19285372437408277,0.3869898411457767
0.062185876860742825,-0.6656049232731414,-0.6655994665079854,-0.2424597873229708,0.23373885794505528
0.2428326507969149,-0.6360733970232162,-0.6360681555771867,-0.22140263188690731,0.2218886256434363
0.19172477641444027,-0.6442955161733436,-0.6442905379015271,-0.20301614478845462,0.28749047184428683
0.08230305806576597,-0.6839368527995656,-0.6839309843990159,-0.2561499573120486,-0.09646603006747533
0.0987652580829489,-0.7115351904971892,-0.7115287919477912,-0.22813572582538022,0.009177771612047287
0.20598267289282518,-0.7181417067612861,-0.7181349807461697,-0.2698932078506985,-0.09867926896087509
0.10166795207985946,-0.7069476628610531,-0.7069413673225653,-0.2537843306798607,-0.19763711032577816
0.13284531360114946,-0.6992773331327802,-0.6992713889474731,-0.20353826339737627,-0.07415876386135888
0.048569453059344486,-0.6880694967360426,-0.6880634459791412,-0.22299633965589785,-0.045221730014616865
0.1433321474185284,-0.6828898769285252,-0.6828843007163207,-0.23139232752644034,-0.09063226911262127
0.12833675771763536,-0.6887650326312094,-0.6887591453756652,-0.23225964924882378,-0.2992294879344526
0.1599853889906098,-0.6870629131761946,-0.6870570641409922,-0.20224355388773713,-0.44812091424742073
0.06275250037309288,-0.6669161060577463,-0.6669105302909044,-0.18323257975676427,-0.023034439263178795
0.18630874974357445,-0.6424306631719062,-0.6424257267745416,-0.19337140252430157,0.21687273849463617
0.1490101410365077,-0.6682329312272849,-0.6682275945706783,-0.22270744240081985,0.058415219494706405
0.10952201346254485,-0.6766344423936395,-0.6766289170848043,-0.22074037032175572,-0.17265147734669872
0.1510574680328744,-0.7016466869966274,-0.701640689608524,-0.27494576029722384,-0.2381022897827401
0.2205842148986192,-0.6888513700768623,-0.6888451226440307,-0.28897955236391853,-0.14136526982913397
0.2892506733786719,-0.6809735259693591,-0.6809667389528067,-0.2516835154055504,-0.042211801013105225
0.026370774698644805,-0.6893864114672468,-0.6893801520202968,-0.2503314005680763,-0.048288087521301676
0.1627744679771823,-0.6833432380798687,-0.6833374725683304,-0.2148973677297898,-0.1421583286654488
0.15079930945311118,-0.6780928645565155,-0.6780872169397993,-0.2531743749463572,0.07102612798956028
0.07171739711564734,-0.6805622588008546,-0.6805565557349798,-0.26917012269001606,0.12884021144633834
0.01753383396994541,-0.6773023037341311,-0.6772962260708368,-0.22894230302401336,-0.0149681491933313
0.12434283480088959,-0.6665173775224279,-0.6665120793878232,-0.21893133929787778,-0.1527419245033463
0.10732644865219536,-0.6791179873811458,-0.6791124063054033,-0.23782129305720473,0.01626620806485148
0.126106121706854,-0.665794883565911,-0.6657895120949349,-0.277597132398218,-0.04000030395726189
0.11564629067258042,-0.6596769261877443,-0.6596717816524579,-0.2640445064222595,-0.2358343653608345
-0.03473787234565991,-0.6508719397177939,-0.6508659181787413,-0.2523996159938744,-0.2749415426348576
0.022910304911511102,-0.6588922764352906,-0.6588867017206955,-0.2839455569346251,-0.026779966376666124
0.17215752345479726,-0.6596390416031892,-0.6596338979185844,-0.2692510080189494,-0.011609847976182067
0.05579795484208606,-0.6708109637720152,-0.6708053005478609,-0.24391614358064384,-0.0583347517120182
0.041501513069913495,-0.672704566068115,-0.6726988603239562,-0.27724268056381796,-0.05484078374272825
0.09772377860632624,-0.7088189643024148,-0.7088127163043328,-0.2972431993298161,-0.3814667231346988
0.23857575266138825,-0.714126119921768,-0.7141192153959196,-0.24534778273875435,-0.15857601956765502
0.17068231325217073,-0.7154091803433698,-0.7154027843648927,-0.2587978132961498,-0.4730284363489682
0.16144189074891294,-0.7039256731398689,-0.7039195350184821,-0.23846951037212027,-0.3464250458569271
0.19627972225145826,-0.7220826887333468,-0.7220759637848726,-0.22846485411520903,-0.22042487940443833
0.07484127390750206,-0.726152460380562,-0.7261457336068147,-0.24024395546448576,-0.3645344521111255
0.06158787855636362,-0.7173179185609585,-0.7173112110436428,-0.2574482963826426,-0.4931208995931365
0.07259887130785843,-0.717453694046031,-0.7174470730395912,-0.2503479232910676,-0.23355155993401963
0.09713833124458154,-0.7159516553520003,-0.7159452471924862,-0.21470018246919023,-0.0492844339952601
0.07631155503130892,-0.7080454201964973,-0.7080391000083526,-0.26945686615248315,0.009578498096041747
-0.047091641569162845,-0.7117025812502238,-0.7116949251069766,-0.24303424704677812,-0.024655819001545214
0.21992303103546817,-0.7326250819545643,-0.7326179411619902,-0.2702330494087229,-0.07804792852542645
0.19740377790337493,-0.7322670144154352,-0.7322599712227643,-0.22546136784078383,-0.1613897113041895
0.12454485590610735,-0.7275498014874886,-0.7275431328967175,-0.20818183661269243,-0.6697090941508133
0.17807530060064436,-0.7210094712942812,-0.7210027704444313,-0.259873194776642,-0.2897480075445441
0.10195692124908143,-0.722066119825208,-0.7220595743680904,-0.2496494236125158,-0.4246303589000056
0.13915625979616286,-0.7427252196709746,-0.7427182103228801,-0.2713938872842955,-0.3225810137460692
0.06494503772374069,-0.7392758416814751,-0.7392687306683332,-0.28267533644001996,-0.3918660875301701
0.13568895931109146,-0.7291177575674119,-0.7291109642092238,-0.2597750295184611,-0.17703868411335924
0.13418719055474135,-0.7181566635594439,-0.7181502954470973,-0.27717120136791124,-0.4647260162785142
0.10506600823991995,-0.6857197568769651,-0.6857140275613998,-0.23797543059814313,-0.057757627319896886
0.22806146846554096,-0.6694945864108046,-0.6694887736260144,-0.2461372468788218,-0.19265796558418166
0.18137094117138947,-0.6747892929586374,-0.6747837195221646,-0.26517486169072857,-0.4037225435067752
0.010870499031099374,-0.6673966939554369,-0.6673908387182421,-0.2547841380315345,-0.0824626841648633
0.050910339782210594,-0.652152134166096,-0.652146979477387,-0.22125929152982243,0.05099735258686973
0.015291210818387888,-0.6427000646620764,-0.6426947639768019,-0.12709895845108296,-0.09877950088089864
0.20110907057315303,-0.6413171429833139,-0.641312231589554,-0.14247676921532995,0.06846104160087627
0.059134382129557635,-0.6717736621157118,-0.6717680668342453,-0.23545102652191582,0.24952657638188316
-0.06623322933500171,0.12219301128867592,0.12218131575653714,0.4796588658686045,0.172343068583155
0.07232323783575527,0.09217838941442288,0.09216683048945533,-0.14507791764797562,0.7912780462578289
0.2262793577101819,0.27928059031091473,0.27926500920784236,-0.24480853522153953,0.6990989647037452
0.10894205809991168,0.4777089385644218,0.4776883644823639,-0.2924643447350064,-0.09077267265286856
0.15025733902853097,0.3997010860603431,0.3996824427295228,-0.19615158476093314,-0.18615606169323068
0.060945180021064985,0.3419506493317473,0.3419334818808264,-0.1794089380112793,-0.15495896143941393
0.24174937160349616,0.34486211995756255,0.34484488713085265,-0.2140170588429725,-0.22469026612391657
-0.05573551217826741,0.03649772277819178,0.03648795149596709,-0.13210647427801642,0.30836393658714933
0.007468070301118193,0.1119992816316979,0.1119874567566452,-0.12636791482326978,0.17220209626989325
0.12203432617289056,0.21775889096659887,0.2177443330675376,-0.21968298052820517,-0.18552757354961583
0.32821576465340613,0.6287695548607589,0.6287464843757213,-0.23787767320373135,-0.9381361597121807
0.5902271709294559,0.4626215594982354,0.46260562306003955,-0.12347651408672147,-0.48361945587150224
0.08611367196809709,0.11343495513150775,0.11342273978042151,-0.14491569377030256,0.6469405629113193
0.18626113104663172,0.21488163289704856,0.21486713960554846,-0.14479107365038896,0.7140427236345566
-0.028746707832745102,0.26487764149335885,0.2648623838021508,-0.20579368126756978,-0.05104739408540596
0.2416434964266013,0.29112655357515993,0.29111052735689713,-0.26032429703837123,-0.1013285358096382
-0.255195584921013,0.3589546480420966,0.35893996468282846,-0.06062085261570574,-0.4432837719855468
-2.1780783693954593,1.5419945718415535,1.5420136870496512,-0.6414414366490183,1.7255968722060209
0.6265337089177252,0.7186550754587105,0.7186337481394361,-0.21507304035721606,-1.2692928777582206
0.1784158122392306,-0.09660972027560738,-0.09661695048716797,-0.07267281648974541,0.757564005641978
0.39175929456880754,0.5210695024786415,0.5210493877087146,-0.0979300114232274,-1.0951784125419175
0.3265436733992773,0.16224588376839919,0.16223346798598026,0.0574869704116636,0.22260593286679925
0.16259272807102418,-0.45000411081626307,-0.4500035848319309,0.14576060160514476,0.7081499101875216
0.12759601343810006,-0.36923551996959925,-0.36923680760835775,-0.053577594898114686,0.7579771235821935
-1.9764117722074341,2.375823351377904,2.375801890772745,-1.1850093475919266,0.5447390102309939
-1.7625364058565016,2.408845453983512,2.408814654154764,-1.235009669959202,0.5105776011087827
-0.8778698118868297,1.2594500863656877,1.2594253925790655,-0.056708778982774995,0.11666135328180746
-0.04812829711380849,1.6022043719079395,1.6021587268961084,-0.6072130018703534,0.20923977325441626
0.3599235592978507,0.5761877218548098,0.5761660111909543,-0.01579889868853556,-0.9525097746965221
-0.019993915352865453,-0.06859509995620487,-0.0686027801044019,-0.06468415800281076,0.5281300903470468
0.2808499330445005,-0.08260370876005754,-0.08261107435112132,-0.06374018766713126,0.5244740434981922
0.3155949839988988,0.4243959241203911,0.42437744275510836,0.0027267148789742158,-0.8308934093095124
0.11277082265538865,0.48500122850213345,0.4849806697942298,-0.28558590226169395,-0.3947322718187175
0.19245711647994876,0.3769099707646093,0.37689201831754177,-0.28619648745868237,0.09659508316215386
0.5427657941798082,0.5132461118638324,0.5132281430770917,-0.28737000313760275,-0.1643210001473529
-0.04862286682880271,-0.22273314464474203,-0.22273700545249828,0.32702820733878574,0.20758743790466325
0.11763535285418429,-0.620083146805964,-0.6200788913315337,-0.14534812754845886,0.2128236439053385
0.021492679274866467,-0.6152085740315316,-0.6152040697748653,-0.13587724835280365,0.3506523370914202
0.15621253562758206,-0.6343401101085674,-0.6343355345003131,-0.17419386684294139,0.19506346768595922
-0.02696941844480593,-0.6238978468295074,-0.6238925205414703,-0.20306408198687032,0.38120619875133094
0.15092323398314494,-0.5957313299252217,-0.5957275317004465,-0.10757783695015039,0.6279223545019517
0.23908511474195582,-0.637388789206105,-0.6373836077831786,-0.07543549737858865,0.18327207655166178
0.06963040667858071,-0.6833322219949981,-0.6833265462904756,-0.194318976362057,0.04267475708196818
0.10029324430692317,-0.6801611121005647,-0.680155418042262,-0.2175074737725003,-0.06299070417711079
0.07941997267273436,-0.6473530618757771,-0.6473481045077747,-0.16531949225694034,-0.047899004597293265
0.16118967168348186,-0.6353818018413364,-0.6353771132826991,-0.1986878046518403,0.23760057118978836
0.07920943278991387,-0.6513788587451753,-0.651373900539334,-0.17834026338052736,0.44213575014254985
0.12562297416871263,-0.65107667768539,-0.6510718158245457,-0.22987705923720136,0.3789525210831855
0.12829406777894267,-0.668823232165354,-0.6688178822538,-0.24467765142644182,0.2256617416841653
0.08224423225412916,-0.6453123097630717,-0.6453073982192581,-0.23143792525526338,0.24296883430366126
0.1473950906622475,-0.6831019589527018,-0.6830962884186343,-0.21856166588016612,0.006722759706567346
0.21657606854727274,-0.898542456028129,-0.8985314105147763,0.2898147435375934,-1.6244250807263243
0.041818046099257204,-1.0196528452877904,-1.0196390802940534,0.00748129020270415,-3.534466032164376
0.04003436583492955,-1.0214015815897577,-1.0213877773289182,-0.008826543751142633,-3.7078040136643278
0.07207124445135236,-0.9860510100206562,-0.9860383130001035,0.01681228451052308,-2.5751917783022154
0.013634363291888753,-0.9558231418205737,-0.9558104966358898,-0.09955844583258819,-2.274042296006476
0.15956050598673283,-0.9916310600351387,-0.9916183720565053,-0.08218131840235324,-3.0743628327857064
0.047450213645733416,-0.9402438453059964,-0.9402320425256457,0.35303848553337114,-1.3023539978164425
0.202001859591458,-0.49127985827829473,-0.49127840546525486,1.6263910136750421,-0.8295348870635192
0.16168099979825334,-0.46703363460131264,-0.46703281578618805,1.3299217461385342,-0.7210789446861156
0.017134050286780333,-0.5861169746831077,-0.5861130341058215,-0.11221737461600013,0.7793743535910919
0.1554567760262872,-0.4495560338031908,-0.44955560743988493,0.08227307288023504,0.9875726933713755
0.1280969764337551,-0.6495021836038768,-0.6494972675379482,-0.15898544543426446,0.1537003425798249
0.21255883340542836,-0.50024569749969,-0.5002439538030296,0.19328812695287853,0.20790435640764038
-0.040697892876688006,-0.6054272758447111,-0.6054221851858913,-0.06752401029355819,0.3190158183352156
0.08251180019403256,-0.6822533621709987,-0.6822477106917979,-0.21723996670304646,-0.08975862898185787
0.10829106322227086,-0.6838914450350987,-0.6838856672138149,-0.21611910041328145,-0.008282264201888486
0.22791020062729933,-0.6643783762625428,-0.6643726783599954,-0.22694451702433835,0.30346222487410995
0.17606786272600577,-0.6726981176281907,-0.6726925911481378,-0.21772835239952512,0.38938433017639723
0.07912618213609252,-0.6780432473937648,-0.6780376008911801,-0.23713682971283645,0.5353065375544513
0.03212618460295601,-0.6259462116837902,-0.6259414663182052,0.017474456658046436,-0.09050704501193425
0.0939827462682697,-0.6269445555704015,-0.6269401460260631,0.04231477642799531,-0.372586585482589
0.09113450551307527,-0.6880676159410646,-0.6880618339053594,-0.2714718870835449,-0.23677893933083555
0.24608649934453536,-0.26272117447855997,-0.2627244956113582,2.5139519189644433,-0.7117763283829105
0.10450857353579619,-0.6476736030770135,-0.6476686385113998,-0.1964281132211881,-0.11207077536349425
0.12954081697346675,-0.573648020472844,-0.5736448076786989,0.1885798352719582,-0.19085944161607254
-0.027781531624656325,-0.6664571920831346,-0.6664509101437673,-0.19827801874436166,0.0063814423887356125
0.14005824018725124,-0.6186577728977,-0.6186536389890668,-0.16675148041598736,0.014786313180053448
0.08478064594232854,-0.6404734720932198,-0.6404687587630268,-0.20686296663126824,0.17368804777656674
0.045021142061111984,-0.6633325646931554,-0.6633270693931547,-0.22945410131733376,0.12386410374590627
0.09167748637316794,-0.6357591251385728,-0.6357545176669618,-0.2282126770491964,0.22136614312049108
0.22325811449499933,-0.6398956202266712,-0.6398905616332689,-0.23553561724666483,0.5075142466730599
0.16557441555690663,-0.6522656983580959,-0.6522606306790076,-0.17434133593501047,0.19815679818480844
0.12090399376737807,-0.6727766632089351,-0.6727711349651759,-0.20994269525717163,-0.19168549909358146
0.1658115088643364,-0.6224525902314768,-0.6224482815522392,-0.1699883767911612,0.49408232245981826
0.2680754328351274,-0.612058690251849,-0.6120537193665067,-0.13578330905237762,0.5113920933368729
0.08122269733837054,-0.6130436894502838,-0.6130395920437642,-0.15226593348183734,0.8764652999487558
0.05669265189090188,-0.6218591546351112,-0.6218546801618992,-0.1967078885005993,0.6873233146186126
0.05936564876316933,-0.6369326516431273,-0.6369279282608415,-0.1443524630505333,0.27893952281468176
0.16932418534113314,-0.6500089235079269,-0.6500039065037228,-0.18927294978275624,0.6176006495328674
0.122885772927279,-0.6572464912679478,-0.6572414013070056,-0.20739765895062867,0.30910841056161387
-2.547643609086779,0.7584118570719104,0.7585003327646571,1.177975930428768,4.539330368794904
-6.413399593181352,2.968983456060042,2.9692553285634706,-1.6058411019465337,2.80485314987446
0.21599128797038397,0.5803483985926243,0.5803258780253711,1.5677144117795148,4.1895300590248565
0.19206853991147776,-0.566293932985858,-0.5662907957648498,-0.0516370688731001,0.6104770389785513
0.09302821553686173,-0.5527872277561122,-0.5527844833818685,-0.19807498757536743,0.40589958381304897
0.017515338383864463,-0.4116562237648542,-0.4116562006267972,-0.036136954481633364,1.0505897572726985
0.3659343272855302,0.5098504708737019,0.5098302497835642,0.1453391471273543,-1.0655175058564854
0.1567202204877812,0.1496873678925204,0.149674338509492,-0.15077359502427617,0.559880888772194
0.5419719303885535,0.9498379160609675,0.9498097855591711,-0.5040948031149092,-1.5734699582495608
0.6163055985238192,0.7521977104648732,0.7521750926025939,-0.47882960587578904,-0.9295986159550949
-0.1061831002925894,0.6906500382375289,0.6906257573728338,0.028839405540004217,0.5422810580218751
-2.9407335108906656,3.04191387861707,3.041910777434342,-1.6021858781156773,0.5477223186218926
1.2448064172418758,1.428001737709989,1.427975587721381,-0.5794951743746681,-1.092115016703011
0.7515628450020662,2.4913582582680296,2.4912958718453377,-1.316299925504396,-1.062535097283501
-0.11863500998865828,2.5319991926441814,2.5319333859769024,-1.332690837567299,-0.27867694559023637
-0.5630827330428259,1.346235161223376,1.3462011748244953,-0.40856147709902974,-0.18684992914273088
-2.9758987183701353,3.4864879558238155,3.486470931301429,-1.754956455967375,-0.10950897248254765
0.42425814224988334,1.113697969113688,1.1136643680135674,-0.06465521822618478,0.09135318000795371
-3.0718179151581486,2.756196402451793,2.756211897042016,-1.4263521093465104,0.15505678479528895
-2.3146979496584508,2.5318616259257967,2.5318488416630096,-1.2780448685593728,0.36968366676191894
0.22436166394803866,-0.6776829408129953,-0.6776770337219723,0.7208469992230991,0.06275331571655017
0.13308688718989972,-0.8029212720216887,-0.8029129109977836,-0.21907485976915644,-0.877620646493336
0.13822929420715518,-0.8134247506991966,-0.813416243383964,-0.20932047552704014,-0.6290272791055345
0.02409677162594385,-0.8126040523763327,-0.8125949813517646,-0.21338423297060224,-1.2440634622135966
0.11407729397426936,-0.8108848266431855,-0.8108762868011731,-0.19502950101507643,-0.8011450054580961
0.05178117106229801,-0.801327119154573,-0.8013184804678767,-0.19893636824825145,-0.6889142965738618
0.1240615962487336,-0.8009637674771726,-0.8009554951879961,-0.17787897160139354,-0.7087407774554771
0.13669167037745544,-0.8129089650669193,-0.8129003349939439,-0.1959882532895163,-0.9247626591887486
0.22705573122175388,-0.7832722934215619,-0.7832638362488793,-0.16362947542516282,-0.8414101944917979
0.23919907340295038,-0.4164887921181131,-0.4164887500265193,-0.2561331188478497,0.09383182676705673
0.1347278184336597,-0.4129533453679575,-0.41295374090187964,-0.3255007153955967,1.1752770714340648
0.15172381178498756,-0.5716103134567695,-0.5716070568587823,-0.30366798072879586,0.9385742210261134
0.0726676681176487,-0.7604024534217525,-0.7603948680198602,-0.06888970143737366,0.042395954582965543
0.1225954584875532,-0.7931146278834992,-0.7931064422836364,-0.3154389128139345,-0.4135677469355623
0.06325928763829365,-0.7169349528787884,-0.7169283435204528,-0.5300655119944756,0.13441813202104283
0.20957064733175762,-0.6353393496118349,-0.6353344828871346,-0.5047283795275783,-0.06721896402069501
0.04701042800032616,-0.6820818515813459,-0.6820758457147215,-0.08488853212999041,-0.0686324491330002
0.20520035986692106,-0.4615263086593097,-0.4615253448297969,2.237046050088268,0.05753282534565383
0.11589066539886493,-0.621641878034329,-0.6216375875592763,-0.06124111287061071,0.9598960290773229
0.18549685711563796,0.22049285037116503,0.22047841020156003,1.945049546034006,-1.6763946884845915
0.5147599275061764,0.573014372918736,0.5729943455848133,0.2023094591604729,-1.0706341942983533
0.12261080896487374,-0.3187037534895795,-0.3187062653565257,-0.13120127146956825,0.5750391655655617
0.23325384523749565,-0.4600448691483705,-0.46004375946461956,-0.18642143862124572,0.6969470343361553
0.29618751320719633,-0.7036254624367271,-0.7036179876616211,0.3664532501213298,-0.7347911285486615
0.06675012178194405,-0.8192150019428776,-0.8192060959311431,-0.24725209797654082,-0.8825202793371313
0.041206717226873454,-0.8100308561615457,-0.8100219772564456,-0.24971263741153754,-1.0993025612107614
0.05700481491488204,-0.8150579524525206,-0.8150490502258446,-0.22871262694901523,-1.4315931628096523
0.06392092799261528,-0.8127327077089888,-0.8127239024744856,-0.26506635290514396,-0.4698151993817438
-0.013593888624516217,-0.8190665982629534,-0.8190569791063217,-0.26462372425127517,-1.0429551944814384
0.2209079235588357,-0.8020838704481877,-0.8020750356496656,-0.2779255916169782,-0.5190830503666672
0.1289551461746814,-0.8129173838634871,-0.8129087536014713,-0.25402182585668653,-1.059656068371443
0.25255061948488333,-0.8262156790973465,-0.82620585463143,-0.23038283752529737,-0.7598378648279864
0.17246542931392797,-0.8274493462603616,-0.8274403001298838,-0.17236707405974735,-0.6618620875137947
0.16795497084958697,-0.8249580094079466,-0.8249490192193394,-0.23642880692415863,-1.2572780791625862
0.09485581897129593,-0.8234625982771715,-0.8234537312270163,-0.28113886246482234,-1.1417908227572133
0.06706340295283647,-0.8200399992256909,-0.8200311194688336,-0.2753897748442418,-1.130439092336766
0.09025191060939478,-0.8175389897133897,-0.8175302556752525,-0.255176662423337,-1.021137230704275
0.07259136741367195,-0.8086399634945434,-0.8086313397204612,-0.22535852123722708,-1.0072901680388808
0.047625116442561004,-0.8145212093904893,-0.8145123192161422,-0.27541514921929866,-1.2344200361352646
0.21485614317340157,-0.8187234427411492,-0.8187142343083689,-0.2770656868139835,-1.1414014382583624
0.13942506128804974,-0.8237383138647676,-0.8237294854033677,-0.26238039682521613,-1.2157510598962744
0.050315706176796746,-0.8168694714820841,-0.8168604837987199,-0.24464974076961934,-1.0237743295360648
0.14448948332842793,-0.8148873374795238,-0.8148787525427228,-0.2410376213200196,-1.4668736094395527
0.1172008335268604,-0.829742080119275,-0.829733072066124,-0.24608633907855776,-1.145639816424675
0.2063174706981074,-0.8358762481589179,-0.8358667889069378,-0.19773526557574786,-0.756341448123308
0.14513061748387224,-0.8400430150899942,-0.8400338205137182,-0.20536532395397866,-1.386520036644638
0.11921801928318143,-0.8455306822463947,-0.8455213644469727,-0.23173147182100953,-0.8129650665093531
0.09328659723309599,-0.8501874410500512,-0.8501779739053364,-0.22437331486991774,-1.0429754111865916
0.13535752364021747,-0.8500237223253068,-0.8500143036366511,-0.2058312543956423,-1.363727257021492
0.16918838691154936,-0.8411645062668264,-0.841155196948306,-0.2576523309907756,-1.1767259446134177
0.16409203228796446,-0.8361754289029052,-0.8361661868320897,-0.285876907362166,-1.2762688019561066
0.14373305309544143,-0.8519061741940376,-0.8518967132357552,-0.25180370360931836,-1.22173046224907
0.12505478276026,-0.8460004779633786,-0.845991149614901,-0.23180290268022385,-0.9623070494245045
0.08544026799018238,-0.8317266770676397,-0.8317175796714121,-0.2161046948096813,-0.880937845534014
0.13811052315469072,-0.8410713173537538,-0.8410621892470586,-0.2580235471292556,-1.081709093645629
0.14981755338312372,-0.8219179282303082,-0.8219091854246922,-0.1902910127851546,-1.0401237478229155
0.03727576404538783,-0.8332693319770268,-0.8332598864823726,-0.16916383044392708,-1.1755479218231806
0.10109023685788654,-0.837204358098324,-0.8371951824830117,-0.22466721519132166,-0.8248376630723664
0.16953214527947258,-0.8349325368883318,-0.8349233227261084,-0.20867067186865773,-0.5488705643568673
0.15068289394637818,-0.8311005066824918,-0.8310914681264714,-0.24739712763748303,-0.7556997862203271
0.16427780624250102,-0.8394149639098685,-0.8394057386563775,-0.27460592360508607,-1.0916612281231421
0.13467414802301,-0.8354502928772526,-0.835441111868874,-0.21404196454723728,-0.8942333194710096
0.1358970314488057,-0.8332639582770899,-0.8332549159215452,-0.25165330384913404,-0.9500436654191997
0.11518790557652812,-0.8340177092549065,-0.834008649974216,-0.3142302814283771,-0.877118222521022
0.08193565448102824,-0.8461787952396183,-0.846169328547623,-0.21368087558349366,-1.0453736856266687
0.09678919243578232,-0.8390792867871432,-0.8390701138509612,-0.17828118932481957,-1.143810489822792
0.06198217408725287,-0.818635761870512,-0.8186269136451853,-0.23883544410581564,-0.8000960348756536
0.09106694225526848,-0.8154340218864382,-0.8154252903345982,-0.24339267449161187,-0.9063681713906772
0.12268890582055618,-0.8201326955496026,-0.8201239928305992,-0.2762377925329464,-1.0428403956758285
0.19021684759184412,-0.8232229760408184,-0.8232140248116202,-0.24681519299007537,-1.223635289918101
0.1919559302075379,-0.8210096833793056,-0.8210006475091363,-0.25895262076252384,-1.1691197760090055
0.08998927174831106,-0.8158173905961037,-0.8158087399955428,-0.3111321252030669,-1.1119505830386796
0.08999599601712752,-0.810484754682883,-0.81047622382431,-0.3044138499778105,-1.315684054607479
0.2570275771393276,-0.8296653705526756,-0.8296554238456314,-0.29199034417799824,-1.5611527449720457
0.14292889004271958,-0.8198975066156974,-0.8198887643979306,-0.2348857184753465,-1.2658452495076278
0.06314533923552762,-0.8191764008649975,-0.8191674957200332,-0.24736528783663364,-1.739248805533074
0.25076256921519213,-0.8234283409400738,-0.8234186238424337,-0.25276749746218147,-1.3808812188413233
0.08425704800508664,-0.8147585478043693,-0.8147499209796564,-0.24539893145072028,-1.057267539883961
0.09657899363906122,-0.8079391434611053,-0.8079305802034552,-0.22558268998913375,-0.8924746629066772
0.1108725195097676,-0.8338797842898592,-0.8338706833263857,-0.18725438780206768,-1.2495288033331555
0.15708213335568597,-0.8196823347140572,-0.8196735525480532,-0.2756305075785504,-0.84076620173081
0.13568190036756847,-0.7823098189820293,-0.7823018759993858,-0.280465074677521,-0.17018628331489313
0.07958624829934892,-0.8319531785199803,-0.8319440760377624,-0.252768153146838,-0.9310996868247513
0.12921195836194704,-0.8371752505569992,-0.8371661203751112,-0.22000665959024765,-0.7329957972147199
0.10716947082748546,-0.8338850684281305,-0.833875967346004,-0.22817363002539612,-1.0752289963822992
0.23797853911149333,-0.8103404260587442,-0.8103313163032523,-0.30249041590735487,-1.1366134895378515
0.17598528398615462,-0.8223971279221817,-0.8223881504572116,-0.2716383687381636,-0.9674954779508806
0.06263608486635987,-0.8329774505087872,-0.832968235467339,-0.26654507276804795,-0.7174789541014462
-0.0019740341046046387,-0.8309864051204982,-0.8309765183098599,-0.3271910876324214,-1.009204657393323
-0.09059239834034982,-0.8341750243205593,-0.8341633194976193,-0.24976393422153037,-0.8022008892273002
0.04799453576920938,-0.8290790103278937,-0.8290697037048916,-0.21987168964976533,-0.7996812539203744
0.15232247943877986,-0.8013671084382702,-0.8013588718720775,-0.2480060360555864,-0.3408757419786545
0.05954716298829929,-0.7983453874020827,-0.7983369052285125,-0.3082126004083993,-0.5762051936535049
0.16474212957060688,-0.8127630243327995,-0.8127544423166861,-0.286473652105916,-0.6529053024780809
0.1335186047385501,-0.8277860981230742,-0.8277771787704638,-0.28211342263106226,-0.7434418509543423
0.019359973042253672,-0.8083931315441082,-0.8083841102940831,-0.239903239694252,-1.2696465188325912
0.08962590221195177,-0.815997633448154,-0.8159888892406648,-0.2461992087327137,-1.0415699123178428
0.05777188934227077,-0.8106924034046115,-0.8106836439842416,-0.24869649744355038,-1.1234942385030602
0.08156264990350061,-0.81011849225135,-0.8101099696170384,-0.17796907449760577,-1.0201896184654653
-0.019703043282246913,-0.81241436076856,-0.8124047118656786,-0.2758821241344695,-1.3324404768296214
0.09037168825053601,-0.8171209606391312,-0.8171122359876526,-0.2655663135589016,-0.8169936000201579
0.20338497141813627,-0.8147175733423504,-0.8147085444192554,-0.2511807178460278,-0.33106220722672397
0.20179602823554332,-0.8089939559778869,-0.8089851899155779,-0.24401126876523616,-0.9563832293006033
0.07490603410435676,-0.8108159985031603,-0.8108073258671716,-0.2776547145538227,-1.1340368014104938
0.08949133476979435,-0.8235533242444396,-0.8235444551570728,-0.22091493612575516,-1.0533153577646521
0.11730750243418955,-0.8157225895730501,-0.8157139411012044,-0.3094655688514675,-1.5397367344418045
0.05984924217361191,-0.8039491264771204,-0.8039405184740603,-0.2881713504075564,-1.226561177259223
0.03935805108466294,-0.814980839858426,-0.8149718498036248,-0.26815268817857235,-0.8950629941105127
0.15758186295964233,-0.8387216670563421,-0.8387124573705262,-0.24047540780648183,-0.7559089784382964
0.16889594533196223,-0.8407214447070286,-0.8407121453372601,-0.21402533220765044,-0.6084928406069522
0.17629834460513316,-0.8293708022344677,-0.8293617129585433,-0.2551121928891563,-1.0893686100978934
0.18117721452516725,-0.7960707449996235,-0.7960624034618,-0.2559049871951626,-0.8576503978783202
0.06491926905361571,-0.7773125019448716,-0.7773044472756421,-0.312368488538797,-0.538523755282921
0.1399052964109198,-0.8022474548304337,-0.8022391089367964,-0.28735203851367225,-0.7720176894566363
0.13514967654239213,-0.8340724762134301,-0.834063460482799,-0.275539485186529,-1.0471447471764923
0.08824537032975456,-0.8392280487137298,-0.8392188724371644,-0.26019152253060085,-0.8983449059769271
0.1153044345649145,-0.832496773049431,-0.8324877927005196,-0.2745575269948107,-1.4451269767829829
0.008666867406271567,-0.8143040671322055,-0.8142947788152466,-0.25914350185509655,-1.044873722604782
0.009544417826061153,-0.8138867097704392,-0.8138773860452285,-0.2592811087644784,-0.7218222885663569
0.1863232087167198,-0.8312255347676905,-0.831216403844565,-0.31737194173639954,-0.7731374916560046
0.1022869002515009,-0.8306185305789843,-0.830609547625352,-0.30210959441709284,-1.1772915851184331
0.2697137847755456,-0.8271840646068097,-0.8271739944970872,-0.27469915974447984,-0.6481826172587305
0.18142584833971906,-0.8296633554151993,-0.8296542147902951,-0.24016296085422875,-1.044525074529579
0.05998527141333814,-0.8326503713059609,-0.8326411188291047,-0.21848447574105467,-0.937092245666127
0.02321977515049612,-0.8317933557276901,-0.83178380903595,-0.26788715408232,-0.6653712230828174
0.18271943147670158,-0.8260129562672268,-0.8260038976104257,-0.27721570721369865,-0.948121078824372
0.07461224869682917,-0.83267316474986,-0.8326640461006689,-0.3012840028411801,-1.0146225551534536
0.09414880134297038,-0.8382100460415159,-0.8382008926237515,-0.2588647976926469,-0.8573431311590224
-0.004961548264305159,-0.831508594411867,-0.8314986958756984,-0.23312528023075185,-1.1133115536658824
0.1453944886146609,-0.835134453663461,-0.8351253693067673,-0.18890448869759613,-0.8950649078012352
0.17599032590548838,-0.8349518374272719,-0.8349426228316633,-0.17521267461656406,-0.9102424025984962
0.05623571961646839,-0.8401705509018301,-0.8401610847828301,-0.16529958124649038,-1.257469748572016
0.12353385398715631,-0.8309765533372805,-0.8309675623444052,-0.2751971693629752,-1.038473658361267
0.16821570424471696,-0.8217918701859549,-0.8217829958714349,-0.26451248254072235,-0.6647272691435737
0.3020256249501013,-0.8111251653728636,-0.8111149185007146,-0.19290284322591386,-0.6075294682501344
0.02151901214756186,-0.8281683473119195,-0.8281587924584902,-0.2556323355101713,-0.8738947900300332
-0.0788984896685146,-0.8404258016488332,-0.8404143147060628,-0.2607186322683933,-0.9899984289439214
0.08141642911370704,-0.8405302753317732,-0.8405208906949742,-0.21186665717862718,-0.9399713913190852
0.09355069276263422,-0.8346236834844581,-0.8346146105968836,-0.25954480721712286,-0.6811801562989522
0.06751909911072934,-0.838082734133844,-0.8380734044555034,-0.23704670569138722,-1.0668563694318267
0.14082576341213918,-0.8370088002014535,-0.8369996289773076,-0.27501183657387174,-0.898385048249616
0.1917180572747381,-0.846447838483126,-0.8464382761902287,-0.29623325469416745,-1.0177008291879983
0.09981547500574153,-0.8471367468150373,-0.8471273929521436,-0.2613070703975012,-0.9963188662070729
0.18034941138474514,-0.824606345527909,-0.824597363235759,-0.23114091936370607,-0.9850650583826231
0.23189549164542989,-0.8360108145615046,-0.8360011283887588,-0.25374397516063857,-0.7435179969187814
0.17003702964327677,-0.8338314657712599,-0.8338223211129302,-0.24682211042786867,-1.2279650938942934
0.0698164037495883,-0.8435824921151025,-0.8435730389421217,-0.21685617277735628,-1.2496234303127496
0.1319942024831765,-0.8436700386432413,-0.8436608074035781,-0.23208886034831724,-1.0064188734744535
0.12936613536969235,-0.8278657632246389,-0.827856886863011,-0.18070314922118555,-0.5590838215094641
0.22705819319660658,-0.8505877369145178,-0.8505777234234086,-0.23795850546060257,-1.1274546816204583
0.14892520803320367,-0.8318416294654567,-0.8318326190476782,-0.23029578153713193,-1.181520802076493
0.13666679545549312,-0.8155545718883561,-0.8155458824094463,-0.28092913076820547,-1.0910500493597595
0.02350303561552838,-0.8359813935543501,-0.8359717528220673,-0.2501240590278552,-0.7039440298814823
0.13718198805671447,-0.840665737351016,-0.8406564840119589,-0.21367231880763093,-0.9997458943723089
-0.05408124972536361,-0.8359821548285078,-0.8359713498036219,-0.19560786601398314,-1.0580485912288382
0.17409246642825227,-0.8348041950215054,-0.834794983741142,-0.1731120619280826,-0.977571198378804
-0.038090097305103016,-0.810143390394391,-0.8101335238061844,-0.20982949262093975,-1.0037803745098552
-0.11673627343288089,-0.8121162099837274,-0.8121045526834632,-0.20303970185537518,-1.275950817643835
0.17383823162091053,-0.7979885737262722,-0.7979802339042775,-0.21375758407702178,-1.0666859950165133
0.2611699626695178,-0.7918981117794495,-0.7918891026792011,-0.2699024497065864,-0.7830880060870236
0.02161044373865419,-0.8001436065243025,-0.800134770513724,-0.23975575909396626,-0.9001311512989257
0.058407981578381306,-0.8172565570008725,-0.8172475606256737,-0.23418405549523258,-0.9340808411034675
0.28920394714761327,-0.8223329569887684,-0.8223226823497374,-0.283849683533395,-1.6068904808480982
-0.0260358375806602,-0.8102815392636022,-0.8102718039128055,-0.28993742830022395,-0.8333403027855091
0.10236309324407786,-0.8094692597373062,-0.8094607069013972,-0.232159798377327,-0.2976408258936589
0.09029784952141197,-0.8239638749196192,-0.823954996613518,-0.2430489970749794,-0.8546551513808195
0.1064383630316819,-0.8177535346833706,-0.817744840607548,-0.30680495279754855,-1.4560738542340188
0.056076281099184354,-0.8208165436474066,-0.8208076016737593,-0.2715851209872903,-1.2494694466881426
0.2201455525292385,-0.820453236750839,-0.8204439446964698,-0.202657482524885,-0.5834921974243195
-0.021621968031816496,-0.8436678443824337,-0.843657359356878,-0.2346466647593587,-0.8606264844760626
0.19051634683267568,-0.8276355897440081,-0.8276264946516878,-0.19688743186408392,-1.2781748484044257
0.17279395421245006,-0.8245355918120731,-0.8245267006683211,-0.22832677728951384,-0.8466763141479606
0.08873860134592262,-0.8224506857982194,-0.8224417519104581,-0.18657088496263383,-0.12368415822906054
-0.017511731789911184,-0.8178545154613516,-0.8178447444021957,-0.24004918785676457,-0.5536779212189495
0.24558811356851942,-0.8138287185919534,-0.8138193513890818,-0.2926899250712695,-0.6042148902958747
0.17911778794822236,-0.8155012826973151,-0.815492504855336,-0.24007576052592172,-0.8190209885078986
0.0893057839317288,-0.8170336827959893,-0.817024915324469,-0.22652268846907228,-0.9870955779514653
0.22561737370520374,-0.8057333291986712,-0.805724367673335,-0.23796957480556197,-0.8774999753502681
0.2706195760985414,-0.8057485546818258,-0.8057390106768535,-0.2711268234933864,-1.0095507664821721
0.13657906195579414,-0.8176692571560268,-0.8176604754129644,-0.31044476309127056,-0.719258331564942
0.24019673742086634,-0.8180632837039004,-0.818053910975391,-0.2668753122150801,-0.913397195947798
0.15085376525938446,-0.8224273102034939,-0.8224185111801031,-0.22675396433738887,-1.1843333072157334
0.03102857466424881,-0.8276155279309103,-0.827606075050451,-0.30765613343372,-1.278304601060736
0.0724426795199114,-0.8338301671271084,-0.8338209777181119,-0.2682537588460365,-0.7283575457107271
0.06278297757012366,-0.8309012319764982,-0.8308920635556217,-0.25198533068386886,-0.28086409853308847
0.11142311966911797,-0.7638866708991763,-0.763879186380026,-0.2678445590381007,-0.541272548796685
0.21062736797145282,-0.8016921277227873,-0.80168339128033,-0.23096862389857978,-0.6479489033924012
0.14040659552384474,-0.8341479766975436,-0.8341388697119279,-0.26926663156994907,-0.5971489778346157
0.2819202048041141,-0.8142164310424012,-0.8142064282160356,-0.23028059127496456,-0.47422788444496017
0.010070254621684725,-0.8095107715693188,-0.8095016804433526,-0.2740311254830028,-0.4686877681025662
0.08897457137732584,-0.7870857395817867,-0.7870776445781249,-0.05003995311903683,-0.8264752937466696
-0.023825373975616137,-0.7717479460985406,-0.7717391655622405,-0.29272894494905327,-0.6860008804734035
0.17476979161403133,-0.39864318243597885,-0.39864380973864466,1.7930187889428024,-0.628709795114556
0.3834423742201422,2.6538825886397666,2.6538136868959596,-1.3732769329270023,-1.5408378779770502
-0.6933473407172723,2.644309879572164,2.6442462081199722,-1.3887298933274668,-0.7027043868436487
0.4696107144394466,-0.031493732166826806,-0.03149982729920403,0.7891082004896908,0.6856207193917306
-0.0012391140946150956,-0.7610780170654871,-0.7610698343563566,-0.03192549282784279,0.7605880404426807
0.16423141853298462,-0.2774685774620715,-0.27747192568705714,3.198475785965155,-0.4973340690304773
0.2704641639359644,0.611222633333451,0.6111997777374895,-0.15704237575267202,-0.8781658135062844
0.32113481723017,0.21334923279837442,0.21333566951278826,-0.2621747708040194,0.12457966831964762
0.30089428595591206,0.12447271392524237,0.12446096720338616,-0.11809634288670989,-0.1409091461241015
-0.011588917853844596,-0.4820582309399029,-0.48205635827685656,0.14280298682117315,0.44053240098178137
0.06034112936183954,-0.6963006616143972,-0.6962944260303182,0.47048812359975895,0.6161160976879336
0.3711880995553742,-0.5145606967616119,-0.5145564821962464,0.6360543706536987,1.4129465776870584
0.11837060625660181,-0.5084386195468269,-0.5084369605606784,0.234413298896881,1.1104596798816244
-0.9272013047345921,0.8318380930097837,0.8318271208060157,0.772451433970349,3.68411521702787
0.0809469510257533,1.8388223517497135,1.8387713935854875,-0.8362081675958443,2.6902300166268938
0.08585484147436365,-0.7162964677646184,-0.716289962302839,-0.3307077522030369,0.06313578656182911
0.048623457503561424,-0.7572845879375273,-0.757276982986275,-0.21569209227279698,0.15375664358386631
0.1665930371357562,-0.7723075721661364,-0.7722998089997072,0.4998351994835358,0.008010755423394635
0.11927785296577358,-0.7039690209860265,-0.7039628818912831,0.9898412244096546,0.3732519575293698
0.4773949865287292,0.371751756195174,0.3717362481245582,0.18765351258144172,-0.5709321076300566
-0.10866360150606098,0.1831809231059259,0.18316821635573952,-0.10355683851683449,0.15964157455096017
0.11575340773626948,-0.181163366234496,-0.18116896651018619,-0.20384273322810328,0.8327353808547662
0.3551957264059158,0.4387059079290386,0.4386872843586888,0.013918775098620394,-0.7520356258463731
0.030581059443626914,0.291873676989721,0.29185763399513137,-0.10705335657004499,0.049293566734488384
0.1201566388609645,-0.24906069186895313,-0.2490650362191008,1.2751206364255576,0.507291972070216
0.1379124239385478,-0.7472708324476027,-0.7472637210297779,-0.13146863405962078,-0.28055263604578373
0.15640615199784733,-0.7492217542096962,-0.7492145542049562,-0.20573648806331157,-0.40585717164864543
0.2425568993551834,-0.7148398368350547,-0.7148328267233531,0.6397366812942019,0.9741643008702561
-1.5557008103993937,1.1419652428917906,1.1419691594753396,0.3925057663884637,0.6781270882391146
-1.9327589884890926,2.617423825801177,2.6173926413004858,-1.3770579503083098,0.1856447473871756
0.0757684638952593,-0.17938574629536774,-0.17939138648672978,0.5657681308764392,1.6218452564545383
-0.21443828879402363,2.5995107761848346,2.599443811813336,-1.3039696325849364,-0.6327020486540177
0.4465292078003668,2.5500770357252556,2.5500115396052183,-1.3160900670845135,-0.602249013098415
-0.021558315723645517,-0.4303230243590132,-0.4303221342679077,1.4993913591122228,0.5963609113590597
0.07795719544311397,-0.801002547678384,-0.8009941401789333,1.2544278561675066,-0.8101441449812056
0.2438228057915301,-0.3712734956706706,-0.37127446886861976,4.436105775840825,-2.311737443987764
0.5867749077251645,0.6148217584278589,0.6148018670433851,-0.00935076117160645,-1.1789975297424782
0.02071608008226634,-0.43072587273094987,-0.43072542139233455,0.629336514715146,0.39171479038799856
0.39818902912704607,0.5169131247007765,0.5168931032604797,0.112917141476381,-1.144310097910743
0.2149321053558361,0.11285799888161535,0.1128457964858273,-0.1355259363747657,1.147892623189919
0.09438734875429752,-0.07706458842676123,-0.07707243663494767,-0.035585302119563,0.7143767036523204
-0.052641343216302,-0.3599009553708668,-0.35990155701661153,-0.016625463619538313,0.5911750711321807
-0.5878252930821114,0.7677230460759173,0.7677043784624914,1.010375982177561,2.8107180434954686
0.458647684035551,0.7992328103959486,0.7992069869495325,1.1529603164943274,-1.343502363700647
0.6914879504237266,0.6507080430998371,0.6506889579784478,1.7475770182308445,-0.7017092335781363
0.1242865870904584,0.010398199554636674,0.010388476967769475,1.2939210741005343,0.6190339795833195
0.20809409330119064,-0.370736842170305,-0.3707379169782264,1.821514736585935,1.1941699638436354
0.0682044923932653,-0.7481038007186559,-0.7480964914775867,-0.2496873574886685,-0.6898445419290891
0.040300592511449664,-0.7328541806952077,-0.7328471243179769,-0.27415809574672884,-0.32095461466533026
0.09518097917085266,-0.5015943170605219,-0.5015927222005131,0.5120972191315418,1.197394620371323
0.01076763977339907,-0.2215232561039478,-0.221527681437145,0.2671461175465296,0.5668059762486884
-8.531362371454554,2.611302106833054,2.6118969026588403,-1.3564212827949944,1.1949625107259336
-3.247995850827776,2.4345478607817297,2.4345884897790273,-1.2024046920939582,0.3954590761829625
-0.5242061395058177,0.9606292011509293,0.9606042316024578,0.9472863283640232,0.47290039605517226
-0.8647858927296143,2.6523457104578116,2.652285082712145,-1.4255230876442064,0.8133593466832275
0.34176216578670215,0.521607588965657,0.521587103874617,-0.05719442965460161,-0.6882452790038014
0.07012520720371737,0.11638010094359429,0.11636764034124848,-0.09337685717403754,0.5971668195558655
-0.12575797511604722,0.13649027734080602,0.13647879812779004,-0.030066182986998286,0.7228718246268124
0.16660670622530302,0.4218075919841151,0.42178845226145273,-0.32110570214069756,0.376311251750995
0.32065986124816903,0.2555981573189796,0.25558346623311495,-0.14049702849251997,0.1786752736592836
0.35558978599754837,0.08445996507171465,0.08444965417641666,-0.13679440542697147,0.38649934662895186
-0.11406808766980475,-0.05504997277191027,-0.05505715103307425,0.05556075191880662,0.06246229488714334
-0.040828982779365995,-0.45023741895519037,-0.4502359921354814,-0.4192141003316086,0.22350886600134068
0.033225702572174054,-0.5463844642812896,-0.546381505439658,-0.5581670297249336,0.3058782423464738
0.09612587229653514,-0.6555938098523525,-0.6555887570016428,-0.3758556936123268,0.23512591823987583
0.09744175682239174,-0.6928412527183488,-0.6928353634927347,-0.2823928516646057,-0.4261074664342335
0.06532241230663187,-0.5502835313938425,-0.5502808432389964,1.1815469664077172,0.6403439983249474
0.06692995365759132,-0.6358017564914056,-0.6357970585028717,-0.41180039243358546,0.48227806007929525
0.14392218790210765,-0.7188075977451343,-0.7188011254566931,-0.3093005152410044,0.4031627651928714
0.07770430446371268,-0.791506145149885,-0.7914978613283109,-0.19355902725864982,-0.2901396472886447
0.05541721556022951,-0.8153024110188168,-0.815293548082759,-0.24889398108131996,-0.6213849916568946
0.3374029520795885,0.04301924502161998,0.04300986465941643,1.439089679963518,-0.6054667996084299
-0.21428018897556575,0.06507702939929742,0.06506840757443624,0.3517737964417386,1.0140744804425006
-0.15568420269124605,0.12061583035719424,0.12060524495581233,0.4358231509248026,0.45947777927684236
0.24433183960878396,0.26862758843266255,0.26861224653804966,-0.2649629096364267,0.6993452946220139
0.10859022907067445,0.14257079794274555,0.14255810747846623,-0.19136669669986117,0.597226264713731
0.013492173985916487,0.08083128462765377,0.08082015961622951,-0.15187496600177844,1.050686435702818
0.15323387175456557,-0.508721992656833,-0.5087203273076664,0.5050470916451889,0.7746797646757011
0.19946678973119905,-0.16813008396919163,-0.1681357082225241,1.187125401420011,0.09247504833990852
0.14601164544314127,-0.5656650309699088,-0.5656619974302727,-0.12288835710088036,0.7602223325998253
0.1338268465546659,-0.6791837256437072,-0.679178143091841,-0.082107121227316,0.8772893231895533
0.01741786469615445,-0.7951424831163559,-0.7951335802844891,-0.20839607350336226,0.06946616535136928
0.18325098210562915,-0.8090236456700384,-0.8090150132805422,-0.28213174840856475,-0.7225178789330761
0.09808860481114004,-0.8363742558005707,-0.8363651436046666,-0.20085508863341392,-0.7288217261343848
0.038188161667571746,-0.8418792979201004,-0.8418696143126305,0.10144529204223143,-0.7268565904233754
0.17490245615479222,-0.8160649390398638,-0.8160561933210572,-0.005611961627920734,-0.8822892443482675
0.09529369915074948,-0.2055929226409922,-0.20559797436176608,2.349435007292854,-0.19963439108659325
-0.003420567429311451,0.3756267312196763,0.3756091658258051,-0.18533532771216457,0.4487144862772343
0.17850634623532452,0.2301887962906544,0.23017395928355036,-0.31336871987401665,0.9492208777166921
0.009763697719608742,0.2631464144970192,0.2631310165604409,-0.26691625066820623,0.5888109922952447
0.3715181888337506,0.22402265473638686,0.22400938914174506,-0.25106891969268713,0.1798025144197375
-0.05328640114416781,0.20942195376115283,0.20940812042226745,-0.20847660762164,0.370276541538558
-0.14956229705542406,-0.06943653180465861,-0.06944284966405634,0.3025796621488505,1.3048110448203645
0.07286229748798358,-0.5580937564438062,-0.5580907137944916,0.2650332820784588,0.7777825322506813
0.018645446390627367,-0.6782033836518845,-0.6781973753148927,-0.24879706487955866,-0.16194004413927507
0.12040997767615606,-0.6817723264649801,-0.6817666857872239,-0.3425048858204272,-0.5425032778513935
0.1003779541937562,-0.7396896165766168,-0.7396826753916512,-0.16680737298028175,-0.14266056365635932
0.19668499408689916,-0.7702172924523459,-0.7702093971029167,-0.23512515272690276,-0.34982804644312043
0.09656610673944159,-0.7264220409940634,-0.7264153977266568,-0.23355358253841318,0.21214181391605286
0.16755373049796737,-0.7683310342128266,-0.7683232707781489,-0.3027709431873795,-0.32587210452875137
0.04054373304461138,-0.7768161511940327,-0.7768079733306587,-0.2094119964598974,-0.11872222415246492
0.08984327407498852,-0.7570722372283539,-0.7570648609444796,-0.25869387018303536,-0.0566493217474527
0.21341274886663197,-0.7194529791075566,-0.7194461340887432,0.14508784690929166,-0.26004910515325486
0.4024307861172286,0.48462596512320627,0.48460684779614904,0.0033794533927088114,-0.8696094215742751
-0.09055319139082049,0.19780455186755738,0.19779151675023582,-0.16142750706947534,1.0064712714391835
0.061291851725897226,-0.16205986295879785,-0.16206571307592085,0.24832320173475755,0.6447855611092363
-3.073164779534235,2.1603759580542246,2.1604195193131317,-1.0587195327677235,2.5360076314641504
-0.3643545438744181,1.7604759561496097,1.7604292648894755,-0.9496948885942761,1.7662193306378016
-0.13356430239671865,0.40051824669741515,0.40050083885277676,-0.1540481646648737,-0.1414790857017304
-0.049000595320578974,1.2410929900112255,1.2410558118348523,-0.004608308136596774,-0.22442563488996226
0.9104831165796017,0.774420825677276,0.7744037988612537,0.626390223061617,-1.0042824929862613
-3.0872141210970248,2.6119014534993505,2.6119244870324407,-1.3359373404427894,0.4710339873978555
-0.17680421293226156,2.1958696043841464,2.1958120618357837,-0.9714440263956033,0.2187109476517326
0.10179445398981715,-0.8200142054659938,-0.8200054606278058,-0.22766972482015238,-1.5025363815654917
0.09279011692303378,-0.832717139527677,-0.8327080646708789,-0.2818691325817249,-1.3483448289462565
0.3372870956463116,-0.375342282139564,-0.37534208925885265,4.486905635738376,-2.3639680465937545
0.4214949447739499,0.4380254183936952,0.4380073474613651,0.02524930843134966,-1.2042146122094
0.08925379522942252,-0.579833149100222,-0.5798298869813955,0.4627717905578502,-0.15293691728269043
0.06057441173736189,0.38422787533868685,0.3842095794519901,2.574309799819213,0.7759790982313104
0.7060383859348699,0.1377118984597958,0.13770666099163464,4.224346073743017,2.3713544341653385
0.38463421624633665,0.23146361703901955,0.23145018436085052,1.1905818953145344,-1.1690496326911022
-2.0937192934624935,2.2817767957954755,2.281763178782141,-1.17177513226547,1.0125048472641762
-0.21950314552683672,2.4508402024971017,2.450775859980539,-1.2311550175984751,-0.3689567770395093
0.2936578237878134,-0.6271644294594866,-0.6271588507024678,3.1836165060228594,0.5179183313209124
0.17463735275429865,-0.8147539353785901,-0.8147452638776199,-0.20166317870874817,-1.048453925659247
0.15937786848557634,-0.8387216670563421,-0.838712412590699,-0.15136956969107282,-1.6727897936354097
0.2101169903262585,-0.887854301196123,-0.8878436300200555,-0.23036309380255443,-1.9047386369065165
0.04307073480811344,-0.8908356747019508,-0.8908249365804559,-0.20393008848897068,-1.5634315876084324
0.16023110946825259,-0.8888312846254851,-0.8888209497503038,-0.2383536624359924,-1.8074083288011906
-0.02982908430205119,-0.8799694712787018,-0.879957947216986,-0.21960982171009982,-1.9859298396233034
0.12099206290349253,-0.8666680861673787,-0.8666582937368726,-0.25304715372658415,-1.934027583012485
0.13952803338626413,-0.8832892983188891,-0.8832790431067391,-0.2682854479088696,-1.730633430158875
0.06305132769995422,-0.8899252355901406,-0.8899146970314636,-0.18469717687802448,-1.7736051963290105
0.09271907869030468,-0.8929774523734699,-0.8929670243979202,-0.2333068035095395,-2.01706342049162
0.12713785242022774,-0.8924466203813693,-0.8924362491052451,-0.24987819143409437,-1.8597282585031458
0.10375113414957582,-0.8866401136953792,-0.8866298280219749,-0.21380908519883154,-1.7848172473579615
0.06872831344697822,-0.8905411511645756,-0.8905306435556133,-0.15804024529982366,-1.388638995807457
0.04519884535433452,-0.8891327491919455,-0.889122049308892,-0.2653958037264979,-1.6151817247627664
0.11629840497941209,-0.8829151992416149,-0.8829050867691766,-0.2272297003072975,-1.8029512173273736
0.14390661334660715,-0.8865182650493099,-0.8865079821119631,-0.23058954608286736,-1.8546816120407974
0.15400834236474098,-0.8879768215546844,-0.8879664610862672,-0.25976492915391675,-1.9214334940415316
0.14216887327657526,-0.8944615787343776,-0.8944511174334249,-0.23758281449180194,-1.7297982325856966
0.10215154805485918,-0.9041693915745609,-0.9041586675091245,-0.22034583229694066,-1.8964057949913722
0.1200974780540515,-0.891363819844083,-0.8913535176615945,-0.22217749334174774,-1.4764771429848873
0.17978065928997033,-0.8883180515006779,-0.8883076833700927,-0.23352534511915965,-1.840072671174512
0.1471586718333451,-0.8813190312370228,-0.8813089098260058,-0.23655237769278178,-1.845954597224481
0.12026823780882227,-0.8922213280115145,-0.8922110065740585,-0.20987860030460329,-0.9009597856896373
0.15849829719476183,-0.883475004432542,-0.8834647898302704,-0.17841486273604631,-1.3692613136914606
0.10698649736934386,-0.860334688202575,-0.8603250827655546,-0.20439924274544574,-0.9596341444958458
0.04265268634900985,-0.8944539212119674,-0.8944431018443428,-0.23889009244916504,-1.6345928146622646
0.09116946555598368,-0.8783216709738827,-0.8783115273076141,-0.2564157585494651,-1.424497000288438
0.28838107308601085,-0.8657488700123382,-0.8657375757082982,-0.30151873703833115,-1.2725192405609842
0.15252147624992116,-0.8771451441535301,-0.8771351164653071,-0.22697350110354264,-1.599120186674695
0.09521627517074618,-0.8852318908460803,-0.8852216367936991,-0.2824255204363255,-2.0271631579382934
0.1558434522579188,-0.8844754082374625,-0.8844652159513919,-0.274585827332716,-1.7294195910410097
0.20016831920724878,-0.8895713326684626,-0.8895607124968651,-0.20353197467941295,-1.3973215012043056
0.13535438654569812,-0.8860650830212975,-0.8860548102599534,-0.2591413474011772,-1.805703813576255
0.13953419601706732,-0.8836265427707627,-0.8836163695455919,-0.23485164328495112,-1.4347632930275604
0.0829202136119678,-0.8923856736679182,-0.8923752589804984,-0.22653254844178505,-1.837633484114243
0.14784574490080662,-0.8893825814581787,-0.8893722342038701,-0.22740023986599403,-2.1281021892513547
0.25802927264106484,-0.8761573237626284,-0.8761463330992767,-0.2048111972138211,-2.0785951843181705
0.11025906077268055,-0.877019757821669,-0.877009777728768,-0.2213415110009463,-1.878495320982511
0.1256667846185187,-0.8840640515072924,-0.8840538684580558,-0.25582941805228876,-2.1166139329423497
0.07943263132676869,-0.8879669249906339,-0.8879565199646124,-0.28026830293474875,-2.1652548728852
0.1724810064339856,-0.8777423861206842,-0.8777322554620016,-0.2885576334661201,-1.8615929042268655
0.05879779426339293,-0.889149855470078,-0.8891392895423924,-0.23046874844895024,-1.9201838277260075
0.0235579376547437,-0.8928308847076909,-0.8928198778854989,-0.2563863133696159,-1.606675231606694
0.10699658249028997,-0.8928334372151608,-0.8928230572532353,-0.2515331690274938,-1.8130525779854008
0.2052576161695893,-0.8943898846210527,-0.8943791114711688,-0.2416869049384045,-1.7905624279254804
0.05710139613670794,-0.8949471373045098,-0.8949363964215898,-0.27240308311058475,-1.9387322335073858
-0.09569077896407394,-0.8905756324058374,-0.890562347673323,-0.26350703014954274,-1.8644096044064005
0.19387350600005276,-0.8902671372486262,-0.890256546232871,-0.2323348743188384,-1.727829240994064
0.09339685267358296,-0.8769141198370759,-0.8769040525565748,-0.27444442017830295,-1.5834125893202826
0.1013584792763173,-0.8751313948830076,-0.8751214124126364,-0.22677253367419328,-1.5266515514618804
0.1433325962160276,-0.8895832443699894,-0.8895729373897109,-0.23961226427828228,-1.8891086645858273
0.1268714042300848,-0.8890202597399329,-0.889009965401226,-0.24408395900879679,-1.5702991449416899
0.11893028238366439,-0.8920530864226567,-0.892042723983164,-0.21791955233587332,-1.160381824639918
0.027441159298772506,-0.8878160135840725,-0.8878052089282547,-0.19613204163092826,-1.4732193682175732
0.08946836403150718,-0.8991924498163305,-0.8991817927260993,-0.23071739040732,-2.0000574623919674
0.13219499127861814,-0.8974121430272338,-0.8974016602524882,-0.22699581320652942,-1.734206342447561
0.061374989539204505,-0.884825460007519,-0.8848150807418813,-0.2800219568017144,-2.123123376860504
-0.031763919564106374,-0.8727144837747188,-0.8727030778407208,-0.28338519039466914,-1.6288155525119499
0.08971329975466566,-0.8719487763145427,-0.8719387757488134,-0.2687241702084667,-0.9448627713732769
0.2259709953598806,-0.8752609458323198,-0.8752503783151847,-0.2980193688249777,-1.878401593087432
0.17887061080212505,-0.8798131413913707,-0.8798029642347917,-0.2965586168658686,-1.9985717247629868
0.10042826311113694,-0.8841556730912167,-0.8841454879846578,-0.2421363031428902,-1.7555105115040712
0.11190974053926224,-0.8897283790491186,-0.8897180240300776,-0.23423731497138486,-1.8678995019864149
0.22443180971488366,-0.8937520712193748,-0.8937410884921732,-0.2264245545943538,-1.9291466101506807
0.11535485568167005,-0.9040766056889837,-0.9040659732666679,-0.17572986892579023,-1.6733227219543978
0.13278178246830327,-0.8957725823956513,-0.8957621364365167,-0.17629707621275542,-1.482447463427247
0.2144016728738208,-0.9002501283064119,-0.9002390892278584,-0.2180430233833528,-1.817514531415132
0.08476955166814854,-0.8949224182848,-0.8949119466358983,-0.21472969093872293,-1.8125520895903993
0.05738969852107398,-0.8803370323543862,-0.8803267090945848,-0.23391939447992313,-2.03855594301862
0.1126565344488018,-0.8669194409819274,-0.8669096429073598,-0.28902487739710087,-1.6841328028190166
0.1766636144783319,-0.8727212456804728,-0.8727111829894574,-0.22904220173318968,-2.394718804287306
0.1998174980489669,-0.8825026782097918,-0.8824922615415404,-0.22190439074509144,-1.5726708853694293
0.06720446898278219,-0.878912822747775,-0.8789026210276268,-0.223703944219105,-1.2801918857642693
0.18310084267252835,-0.8672914353600597,-0.867281405033386,-0.2350078311003066,-1.4168867291021325
0.07121083040236047,-0.8786609305632326,-0.8786506897193851,-0.26443234175080055,-1.4554388737270962
0.11733013593321304,-0.8753447755513356,-0.8753347882895955,-0.3000858399545798,-1.0432251918572375
0.2434979892426299,-0.8725246578244477,-0.8725138830704895,-0.24744443430913046,-1.255860459875121
0.14166791012063543,-0.8795234989647716,-0.87951341787164,-0.18448544120180202,-2.0519725608327932
0.10962196066561468,-0.8630056857562137,-0.8629958860036393,-0.2531956790802123,-1.8877717446611997
0.08774149383690569,-0.8832284411671036,-0.8832181425416469,-0.2186459880596942,-1.757011965491597
0.1530911233751372,-0.8781259339536809,-0.8781158394624281,-0.2801475706582757,-2.258698489652883
0.03227363638017593,-0.8863315737573352,-0.8863208472137863,-0.267374954219644,-1.9066216798261797
0.21658783473542295,-0.8836072422318226,-0.8835966216417641,-0.28190503845136594,-1.8692563949700884
0.14483839902075613,-0.8803581241266385,-0.880348024292367,-0.25959132624669373,-1.919624091442248
0.1758881385617583,-0.8749785131198027,-0.8749683997428422,-0.23980085770944176,-2.0887813346701587
0.13019662937169174,-0.8685541652835669,-0.8685443305019859,-0.2826706768954453,-1.8587967543292985
0.010780072746405231,-0.8781485034934159,-0.8781376920181376,-0.2633724030818089,-1.5830017611405802
0.12864118988412232,-0.8764754467988932,-0.8764654341484289,-0.2801302720983669,-1.7026277667549423
0.10712801347906734,-0.8821497604664356,-0.8821396204017601,-0.23790855305216452,-2.3856827705654258
0.1539289000782699,-0.8760169806326096,-0.8760069334969737,-0.246873605909688,-2.3263441554688957
0.0149849821796256,-0.8778700114941858,-0.8778592510521499,-0.2676969385457061,-2.0357216636970197
0.1799750578501628,-0.8856445910012347,-0.8856342381221989,-0.27545318077236364,-2.070467125668371
0.15963468067284198,-0.8838580596763778,-0.8838478812525968,-0.2490711745461115,-1.7153055978424625
0.23962473859675454,-0.8942852318147815,-0.8942740579963847,-0.201168990271426,-1.8934856615402753
0.1014362392133057,-0.8908320026736606,-0.8908216676530649,-0.22808807400444395,-1.835969284347601
0.0427368345978296,-0.8815621015975021,-0.8815516612696566,-0.21530382678420218,-2.267395974664422
0.045561766093194615,-0.8651645697058654,-0.8651544527975403,-0.2746151523295009,-2.1045887345742273
0.16535581270644353,-0.8623609313254508,-0.8623511012707255,-0.23410214840822896,-1.006573094866115
0.02006833449851966,-0.8660372585756189,-0.8660268533924863,-0.22652597744910494,-1.9359041468678104
0.23817753848719178,-0.8630131193744598,-0.8630026477575576,-0.24873990444175037,-2.3304075894635767
0.16107583099211564,-0.8828200399718988,-0.8828098848563927,-0.2587239740316085,-2.500032170517726
0.10851459771611079,-0.8809475742288843,-0.8809374611587706,-0.26461952219431395,-1.874239550026498
0.016629499315404105,-0.8715522868208647,-0.8715417130203776,-0.28301064193369413,-2.3460975705345244
0.11627644403549811,-0.8724926395289903,-0.8724827610905342,-0.27949319686309143,-1.415792384785797
0.07784492426071635,-0.8744254698346295,-0.8744153688760121,-0.25652344060188953,-1.6125982759963953
0.17405661391945976,-0.8743696729169513,-0.8743596179910564,-0.24842261875220528,-1.3403936344803606
0.19964046666971458,-0.8752216282611148,-0.875211330305802,-0.27491757262918876,-1.8115752372787073
0.08671256273836041,-0.854177726719033,-0.8541681699742131,-0.20265906370680864,-1.662331279785111
0.06495613199792069,-0.877394349488104,-0.8773840923049487,-0.2764723813131945,-1.698712087655111
0.01899918088581831,-0.878619866539548,-0.8786090892598478,-0.2548069342494563,-1.9252294308921065
0.16585475755591558,-0.8675824212116431,-0.8675725186904922,-0.23497957043401363,-2.3319953586519504
0.18606325494695983,-0.8359550176438264,-0.8359457805222485,0.29114187382905105,-0.7839614940282137
0.23203454193346493,-0.8422250507302075,-0.8422152250195288,-0.24923850706887482,-1.1582393576823988
0.1375650777551882,-0.7119737739737062,-0.7119675446954188,1.7906333321977368,0.06286655388550647
0.6736694074272742,0.7583846303255634,0.7583625900159632,-0.2729247515501634,-1.3472872690866318
-0.15837951121061616,0.0060637731855289,0.006055939119385397,0.5431905486749249,0.5574368939936529
0.19242731632600246,-0.727533411702681,-0.7275264748009717,0.44149029913997806,0.24056277654002672
-0.5658870454987994,-0.1620400698306969,-0.1620331133616656,5.226638388185245,-1.9373752251330763
-1.3849398759323446,1.8733505233243046,1.873323866548485,-0.79379096344967,0.28680126376882825
0.0745962253438295,0.9164262202099341,0.9163959740440889,0.7178156283911017,-0.36189182293654915
1.5614943458367392,2.8732552906440243,2.8731983001979864,-1.5409577438091795,-0.0464938417945147
1.6763540075615826,0.4505457810000219,0.45057095492058075,2.278281071839867,-5.224090755874199
1.046741114802559,1.534949292977608,1.534915547068844,-0.6169284949930313,1.3181548605436717
1.4630365247122732,1.6446422715429925,1.644616451446694,-0.6682768414629543,0.9540968845535973
0.28011579265988096,0.9063974631410191,0.9063678004051097,0.8234770577353392,0.19060172270595968
2.9711807701080275,3.1940315016909966,3.1940131628997217,-1.653617354203838,-1.586169554906832
0.7326257447642015,1.1381509906765752,1.1381207811194387,-0.08019825755309154,-0.4940213446278578
-0.9158900074713242,2.7608958821699474,2.7608338916938977,-1.4484005461979077,-0.27969585206920095
0.9585586739891708,2.3295002666884685,2.3294447388631663,-1.1394211850111198,-1.0489997956062882
0.2936590547752398,-0.08383383823728077,-0.0838409970870205,1.0595377564953485,0.15187309208040248
0.16544993195341676,0.4328557399310611,0.43283635212710847,-0.24668737427975707,-0.38294298379320396
0.20269397714281043,0.4129485102681331,0.41292992771086223,-0.3084703523830196,0.5520873760502464
-0.27365255902968594,1.0849411512713332,1.08490944972804,0.3444553916618407,-0.32790543001619327
-0.9589351757960182,2.4375639394329833,2.437510642187599,-1.2106346800784527,-0.25768486089774695
0.1856733345505484,0.6494951990240776,0.6494711257959125,1.3379441991997334,1.5348985388662557
0.03671978857427573,1.187752032327523,1.1877156936602145,0.18902715086770963,2.182573150224839
0.09518490037871702,-0.8478940354786456,-0.847884664611169,-0.18450097794942044,-1.630478549322962
0.10183232480507745,-0.6397585013166145,-0.639753804040775,-0.25478839432903067,-0.5315504369048815
0.1574818067628941,-0.6221505882950227,-0.622146196837451,-0.38856870474542365,-0.8253708582693543
0.21006074445910275,-0.6235081640224162,-0.6235036525214256,-0.3535087204072546,-0.6885526902034173
0.1777538333633667,-0.6253610157606612,-0.6253564626547018,-0.329655052641825,-0.17147943235785668
0.26389304021358073,-0.620457783253232,-0.6204527133296145,-0.3020157581809608,-0.012034509233226225
0.1440367005074441,-0.6231289599302019,-0.6231246360633811,-0.3122742389727237,-0.5541967136907696
-0.003696534293842574,-0.6428060161124991,-0.6428004443691678,-0.27894959708145156,-0.7347648603274953
0.10352961796220368,-0.6458782499280935,-0.6458734152359975,-0.3452025620001841,-0.6657006709141562
0.016352629726760323,-0.6477843908573794,-0.6477790655654567,-0.30525941139588386,-0.6168841456506081
0.23020066815682777,-0.6694281316549182,-0.6694223203623403,-0.3155682565604266,-1.0309927665884657
0.05180963251741813,-0.6728311167016291,-0.6728254081158317,-0.3156032393596945,-0.4519833573240653
0.12040011759509883,-0.6616700314943426,-0.6616648422047553,-0.3366831173034818,-0.5031352977482907
0.0263604651789491,-0.6538167272832179,-0.6538112665378409,-0.33781942170442647,-0.2204234616747513
0.1218784684185108,-0.6692396043487985,-0.6692342450877908,-0.2876088580921508,-0.4295264010689299
0.13131866992283706,-0.6648886986332175,-0.6648834370698791,-0.2514241841279933,-0.543517192236401
0.1509679419077358,-0.6727712895089982,-0.6727659405052122,-0.335508874732774,-0.3966448369230578
0.09703838532379028,-0.6752948685610346,-0.6752893733317392,-0.32458878802393776,-0.588176463820834
0.2019030369466933,-0.6644146487371169,-0.6644092186990507,-0.3166584169892556,-0.462315603642891
0.015131090128905088,-0.668133786463449,-0.668127914675167,-0.31984056430255137,-0.8321281852419782
0.08111401140685218,-0.6639119391080194,-0.6639065203580762,-0.33772329437006576,-0.9170555690650675
0.23605043324736888,-0.6621006439826198,-0.6620948181062373,-0.34050974404819245,-0.5661184620920728
0.1382865505098234,-0.6527590935739694,-0.6527541043755637,-0.3493816635967208,-0.4166959929424643
0.07670742007116678,-0.6581842019069377,-0.6581790013304621,-0.3240367756723494,-0.26486035878092096
0.1881890163588423,-0.6600489653467094,-0.6600437228977931,-0.31027090904605004,-0.7733356398039273
0.08894443270183731,-0.6474532813796003,-0.6474484113208677,-0.3017085354151842,-0.7103355009425127
0.10098099185291204,-0.6403566836812576,-0.640351972973497,-0.3064702077644048,-0.6653561399672535
0.2520531261747515,-0.6505454874466269,-0.6505398314765343,-0.27082785893025785,-0.7460687905818263
0.083116407362157,-0.5052517467992452,-0.5052500698132645,1.5865892851654784,0.6596160871604888
0.04344788370997646,-0.47616829756239226,-0.47616709451312994,0.44826000605201,0.45796526791539016
0.17633486902789589,-0.4919353601089316,-0.4919339821365417,0.17430183201821312,0.5985444057859595
0.12044359196770618,-0.5946029425001372,-0.5945992591724586,-0.21338312317377972,0.0022257951082009274
0.17765008163978227,-0.6146753238744594,-0.6146711002706539,-0.26994867886981005,-0.3000529904779302
0.09446992749414866,-0.48367087829096816,-0.48366977545352763,-0.18884569848233668,-0.1677349570180207
0.2018406258841772,-0.5271235115974401,-0.5271211643713166,-0.297900265548453,0.10071080686265081
0.07722048537224194,-0.5922127207682019,-0.592208911992589,-0.33778671816050604,-0.4115220222450397
0.23275882416044508,-0.5598662713679944,-0.5598629202386752,-0.2863059375412815,-0.21930870536088243
0.28011601834090916,-0.5542837136268747,-0.5542799504935007,-0.29790347978504983,-0.36231169774785293
0.14768282884404313,-0.5940411221717338,-0.5940374514594828,-0.31876217965215703,-0.3991841970222435
0.09328155531376221,-0.5779855815002484,-0.577982271308083,-0.3598770069466282,-0.6102111859475386
-0.048236316260470924,-0.5967840377428615,-0.5967790516044873,-0.4028283576974718,-0.35236722995138636
0.008030549489132859,-0.4965437556131559,-0.4965416472436953,-0.08440715414551535,-0.12024074586939373
0.006000138311649954,-0.48520220364965494,-0.4852005290690515,-0.14759466906465868,-0.409633015822595
0.21667624014909218,-0.577419551773561,-0.57741598561238,-0.43389967843773963,-1.058177522171451
0.30539106250792064,-0.5491809377284551,-0.5491771996160091,-0.40311390425909227,-0.6871361518101768
0.17828449152641015,-0.5366376473357308,-0.5366350864738848,-0.3555835336761551,-0.5106454124797825
0.15323521558250602,1.3522014011399908,1.3521611907153144,-0.20288881860653935,0.8441365877400081
1.163619677972449,2.0451376794006166,2.0450931939138517,-1.059180449109374,0.5737703633380895
-0.21654376968805691,0.12581578066280621,0.12580597409537872,1.6394486167355904,2.4130006511482804
-0.6353951608569349,2.7776761558395906,2.77760877322924,-1.4692984625021692,-0.11122078358153803
1.4641925039714465,1.4076465205956543,1.4076278133275253,-0.1610719615558167,-1.591461973185936
-0.38777645956979856,1.7527833255665988,1.7527371652797101,-0.6681832269015652,0.9932139455942849
0.9643596612029428,1.5265380195897016,1.5265026713592813,-0.5981159414468595,0.6721464998267052
0.2752224740249301,0.17879132675079923,0.17877818120913602,0.049657974205243066,0.8016052921146156
0.3249972044120078,0.09244886564458045,0.09243801712342481,-0.09039035878989965,0.5244953147155728
0.15958616438090087,0.23946039903845948,0.23944535384160429,-0.11082246332538931,0.6420204537439815
-0.2222018392616293,0.027875442106096073,0.027868013865090815,-0.12815111415548164,0.5632143615555417
0.06676983809722278,-0.2519490555850397,-0.25195297683963563,-0.2497306062396018,-0.000937729470052944
-0.5086747301146142,0.0776948350978134,0.0776925573601259,2.1324629271097004,0.1526154461563345
-0.11172159995414874,2.301282968319779,2.3012223422835776,-1.2985857936446823,1.8328712708195378
0.6813410441670457,1.0290088163547237,1.0289808784176735,0.16265231884393294,2.6459889188027956
0.8284222941716362,0.9452391036549639,0.9452157335195086,0.6302472605341852,-2.3974355536825125
1.059069207679994,1.299146682539594,1.29911912707101,-0.04233993285357034,-2.0921477035153604
-0.14304998375733438,0.3476102301052959,0.3475941894061481,1.288551458352446,-1.5979594187269233
1.5607289999208616,2.818282698536146,2.8182269424754227,-1.4981322964049255,-0.990124129818517
0.7414216833533748,1.163773329345733,1.1637427235695896,-0.008860591169689116,3.181955334120644
0.07118954457811312,1.5351348647487626,1.535091083991757,-0.516498386866052,1.7169942449123616
-0.6999812140237143,2.3343602409114057,2.3343046039575253,-1.2620228817043466,2.1144852850433282
0.09629450475115975,0.9263227842604013,0.9262923158715745,-0.12896219079809224,-1.343550848064866
-1.0097290817062874,3.338990281708978,3.3389153103781104,-1.688795849610118,-0.563244389558165
0.34862976257249423,1.6310195839562753,1.6309740083888007,-0.4548359752798611,-0.17828429279429686
0.3011129913886607,-0.5771511354617126,-0.577146679731156,0.321392885017167,0.003047924448125719
0.06701342999244084,-0.7072482318108574,-0.7072420190828809,-0.09086461764046455,0.5503111773285324
0.31049996807414004,-0.743739863780728,-0.743731130015811,-0.09480025843635652,0.42573607287209053
0.22484850921693253,0.3854842463839353,0.3854661014052898,0.2591915282560729,-0.4313472067810681
0.13160293377084964,0.3143455945092026,0.3143288677983055,-0.27195127827099347,0.20377154568715333
0.4780191792197183,0.3614261917664105,0.3614109155517907,-0.20304160863061854,-0.2963481627674321
-0.28292928027467834,-0.25478807082337235,-0.2547870921077875,0.6486510845979901,0.42221150059435153
0.025902866119659668,0.31905635899722495,0.31903988474680683,0.19277947434453035,-0.35209103905798766
0.13552525849984368,0.1782224310508122,0.17820894004483287,-0.2556841091400178,0.6486633380560715
0.1401314070024051,0.04755267741172448,0.04754194141813207,-0.16909389916091358,0.8956266028541984
0.12517086366992441,-0.3140721615139609,-0.31407477738126244,0.025427202176638526,0.6968181988648615
-2.22678164832664,1.6082121684373996,1.6082308714744207,-0.509143748937286,1.445678077133915
-0.4405358831037247,0.16341126016138272,0.16340490826746,1.971188589914929,2.278692129738533
-2.779316591647916,2.0197487384320514,2.0197811278684346,-0.9474638076790111,1.741989430316593
0.050132176209756144,-0.5221740652705535,-0.5221718291820647,-0.40876841738033404,0.5281547935997772
-0.011624667780351584,-0.6436619569507825,-0.6436563659876772,-0.24462251421691222,-0.0025545024967311997
0.11185651828497246,-0.7308764799950954,-0.7308697367052254,-0.2514975212384789,0.472268576142314
0.0684190637599071,-0.7348195218854652,-0.7348125109370192,-0.22399463153322802,0.41345201436206896
0.029959974995889316,-0.623118481215325,-0.6231137993451809,-0.08114260763714135,0.28754185513698927
0.3102766669549997,0.122379836923149,0.12236813719592297,0.29157831381255644,0.394439674348184
0.24754098279637068,0.47365609407200787,0.4736361483527131,-0.27497078062735414,-0.1691714381683157
0.1625641563399471,-0.39666995981914727,-0.39667081054896586,1.4959493309074725,0.13932678855965563
0.3329880772243466,-0.06385307844688283,-0.06386014859784538,1.6753139204665235,0.17955996446224026
0.4945577004573351,0.48150904003647,0.48149124653375475,0.021423057683348432,-0.6668094237334897
0.0966219063736553,-0.45610926087624676,-0.45610859780346225,0.6602812218300592,0.6836370400577456
-0.3655026037811487,1.5296841417794285,1.5296429910863307,-0.35364147764586695,1.60475365576695
-3.767947541763443,2.2865432676395105,2.2866277009785363,-1.2016578040122545,1.6677981942311213
0.1329200486429933,-0.35588483116135505,-0.3558865977032525,0.5185456901333246,0.400133208572446
-0.044265355987628846,-0.6603987036509363,-0.6603922890732916,-0.21612170402431835,0.2772536915926151
0.10748656421256388,-0.6452377048956144,-0.6452329741463292,-0.0891579680219947,0.741322913734713
0.0891870141615429,-0.6237487266562584,-0.6237442097535398,-0.18066967911729473,0.6117958852502597
0.1069125470819843,-0.6828874587635536,-0.6828818826056479,-0.2333516376311028,-0.028224255561513797
0.29461392146363286,0.01167499065964536,0.01166559764161512,0.7609376987608366,0.14227026224019287
0.2570039319225131,-0.054203525470182076,-0.05421152877483788,0.7478205612261617,-0.24188028230375475
0.05242510571413727,-0.10107051815489805,-0.10107773776086389,1.2329221434314028,0.489997897148336
0.09833947748407354,0.4447740690211232,0.4447544135963466,0.003459918012471657,-0.21347756569578943
0.004062389712685732,0.05092718184876975,0.05091654920147737,0.8638028095280452,-0.2892025115078943
0.20140151215274016,0.6093586759486698,0.6093353248491221,-0.2990589612838167,-0.22285748811540831
0.0690969480191423,0.16825296380453433,0.1682395175392367,-0.1890682932857667,0.6395880001741006
-0.24084436420836777,0.29553800297669663,0.29552438537161024,-0.26833327968034165,0.40510609438056266
0.3155815457194944,-0.20236082125227492,-0.20236504995191473,0.3779712512703103,-0.1102975224144817
0.445182856335708,0.2496256480857719,0.2496125240644411,2.538763197540033,-2.1339212407344537
-0.7305470421491888,0.3007650009053244,0.3007632669240138,1.8133412444130297,0.6082526092720009
-3.491317749470315,2.9024076128017353,2.9024406021235607,-1.540859695109346,0.7940652970914607
0.320544558759234,1.6477668989329717,1.6477205890733062,-0.5598875607560247,-0.17921055489809276
-1.2678680477365174,2.21607185017361,2.2160317659236366,-1.0562114883604927,0.04666742806982205
-1.251340646418652,3.0236096236453207,3.023547465865947,-1.5569342555414072,-0.11504168179671305
-0.2835410399926613,0.5714214291341061,0.5714017958076518,0.5631732538229791,-0.5053289634333783
-7.157863366621577,3.2912084166100035,3.2915278642026187,-1.6861380934650307,0.6336681200959751
-0.9139460321276284,1.7133117082967173,1.7132757485316614,-0.6453692585590831,0.5218182298135177
0.11836623625123825,0.48662408588307887,0.4866033116153192,-0.2103432754177826,-0.7068742909753238
0.3346972417164657,0.08521264130954384,0.08520231351323285,-0.027541048588297642,-0.3800341008457365
0.07898119233372529,0.05895387744452512,0.05894288544201361,0.04906696707333787,0.11362995760346245
0.2846411588948666,-0.4622569527273976,-0.462255256014358,-0.030203685300236024,1.3470831507061236
0.19144600392439992,0.1631909384639696,0.16317796410283691,2.72051496989252,-0.0417861335159761
-1.102508275767161,2.040738768632266,2.040699039023139,-0.8359052309615721,-0.014492471939005182
-0.17418454859024082,2.9120458810085688,2.9119718987991114,-1.4905841491951495,-0.32504252752014223
-0.003631435575445633,-0.11570328220642227,-0.11570999412081491,0.6389676592993881,0.823177058128509
0.21640395598861153,0.2360192607221966,0.236004651033203,0.030757286316915003,-0.5710690139191651
0.08592554375010764,-0.043537268465418846,-0.043546048634099443,0.6309123863767638,-0.6794449427064181
0.14666544081717706,-0.43492443405331954,-0.4349244257957885,-0.24914864417131521,0.4034272408562758
0.4963622049256252,0.9994500633584514,0.9994199232412198,0.028616674767637632,1.8600255862515167
-0.9096123819260686,0.05199708550620758,0.052011326418664544,3.153244365360136,3.6002163432672956
-0.4661074311088303,1.9640721916324386,1.9640220034244718,-0.9786194281205175,2.2514625895713114
0.43810627891783543,-0.379135218678363,-0.37913332855515236,0.8537732090765499,1.1485853606605618
-2.6004851394820427,1.7184801328960329,1.7185160630385379,-0.6872400155897137,2.6082519307450407
-0.24941741200754283,2.3497985225834723,2.34973752362913,-1.2233400127329443,1.479691005929844
0.08944461110329285,-0.5816975542933313,-0.5816940711907992,-0.02869064035964389,0.4911683199815359
0.10846440035696556,-0.5801690949079441,-0.5801657356859482,-0.31847509380503414,0.12004686861923558
-0.029325661735815786,0.2125827640640405,0.21256868063124448,1.2520178360788965,-0.9255830221809266
0.1306742864734986,0.6080290434609482,0.6080057222177118,-0.29149112412442535,-0.8333591359587752
0.015610652055526359,0.4300392046707978,0.4300200592302115,-0.3256418487340033,0.5799090000899503
0.22481310807019633,0.12321347690669424,0.12320122110252271,0.2009836753201908,0.8579913973453804
0.03945889460045259,-0.6778786330523642,-0.677872811126813,-0.06655510765471792,0.4444778021420147
0.016109150672056354,-0.6882093024960677,-0.6882029799209259,0.06832922270877229,-0.17247649015211092
-3.7198543402007624,1.9651157641601855,1.9652174456933702,-0.916334030867282,1.4811731539977535
-0.9914990606461196,2.9314503114807335,2.93138520775742,-1.5200887332027078,0.015188390994759665
-0.17749779228118276,0.4497169773464199,0.44969900212390745,0.9255531889498553,-1.673075469398489
-2.3293110834625095,3.252137319108753,3.2521011966005346,-1.6538361763510663,-0.14071834661768182
0.5120387477343957,1.4786107063457687,1.4785699860069053,-0.25492909539333336,0.8668551984109837
0.7825493835969537,0.7559419254575774,0.7559222685488562,-0.055940308770346565,-1.555826353213512
0.3317137590405865,0.13448732025099022,0.13447552777487423,-0.19002173132556954,0.08336180574838244
0.3812863612922571,0.18535583859372268,0.1853434412453863,-0.2411383540076547,-0.1670486710869219
-0.06747359278225158,0.18705715199374687,0.18704417908524107,-0.2682210117220189,0.014059343869663314
-0.08358563842600855,0.2528335678247731,0.2528192970551646,-0.21511223253737458,-0.33970881386100976
-0.005526827948714776,-0.13967643236494395,-0.13968251641316679,0.5805460605561886,0.12903238895929364
0.047491892828344005,-0.7061992855831735,-0.7061929172895128,-0.2495800961213746,-0.07707206121948199
-1.6741971372449962,0.40184035600522505,0.4018836399189883,1.5853326355547694,0.35983970632270157
-5.667048305687386,3.2874933987202897,3.287664618944063,-1.6887245964333077,0.26095936897464994
-1.1496200520877244,1.553260354635944,1.55323515352582,-0.3972177052015729,1.107504696525138
-1.3077421924509274,2.15953801911073,2.1595002790188573,-0.9739764050608072,-0.0555310386688961
0.8745959760074907,2.98042943692565,2.980357501579782,-1.5389932519283445,-0.9647916490718954
0.10812478503109915,0.760066777529146,0.7600400423456357,0.018126660747613047,-1.0503195071268545
-0.6876672364687683,3.366506491359232,3.366426603300593,-1.6958372890331395,-0.7696093918469665
0.7322502525662498,1.8324276488247964,1.8323811331142228,-0.7260436020676903,-0.6016689244797448
0.3921966233684764,0.556689968127074,0.5566690535152987,-0.16496017605354407,-0.6810437391816854
0.1448962143968805,0.33263892295774666,0.33262178547822613,-0.10236187665711877,-0.19181793109958348
0.16388474426359526,0.16181580865011555,0.16180268604760736,-0.0044024459048258874,-0.05080773945809414
-2.4377697747019766,2.5133807553494547,2.513374117884358,-1.3037479115549062,0.33184026923669263
0.13284273622122553,1.642911223669984,1.6428650228423656,-0.42522009916699116,0.0728990507272851
0.4510459468651394,1.1076400180514834,1.1076067320992917,0.09942284961220045,0.7665800215011112
-0.015114486359375238,0.3723770757444985,0.37235940420089886,-0.03226912270879369,-0.8625653406648021
0.05890905501027809,0.3984357588485331,0.3984171439300774,-0.3414059154318842,-0.014249718662019245
0.41434623149289307,0.1394166152031134,0.13940560763839843,-0.1815462587420443,0.2347410668955188
0.21015396611107756,0.31630323339621713,0.31628664184671124,-0.18056186268158278,-0.5713516509642979
-3.6509656577155676,1.523308784174284,1.5234368652648154,-0.4064170165729711,2.1648805879805626
-4.091640445340879,2.916195810346509,2.9162671798312036,-1.5013273790457056,0.4687771473050704
0.19181486417759216,0.12717765535014924,0.12716513141278976,3.748791355626522,-3.916088896867986
0.5880400345361412,2.106811633576478,2.106756807262814,-0.9368558961023529,-1.7762747708322093
1.0474097051067253,1.7409128224059751,1.7408733769611275,-0.6806601124433439,-1.2851475791991362
-0.5675370610450823,2.266914933003308,2.2668586610723658,-1.0901145849523883,-0.9742993004708324
0.892962718737812,3.1457821246975115,3.1457061181913377,-1.6000555524672904,-1.4428177497405097
-0.8110271946358893,0.5831479171364208,0.583140379729177,0.6810902303021109,0.0342274904597642
-1.4737872961534484,3.35136734565032,3.3513017688406315,-1.689652021844477,-0.6296103114347309
0.8265712994115441,1.6520694413491206,1.652028050218417,-0.4782448931294546,-1.1436794122079723
0.4727566669391472,0.6441992386129262,0.644177433734926,-0.19029454778151814,-1.1408130239823695
-0.014925016878002483,0.13082012829071485,0.1308078808018499,-0.12750591396732575,0.39490987895842566
0.18168108845345898,0.3383699739404561,0.33835270777271303,-0.1025116753703365,0.2519781618482571
0.2746294047993706,0.5833230997543639,0.5833003332721987,-0.3659656019778619,-0.38354779040088866
0.11977354980363006,-0.15926831540324118,-0.1592744968822972,0.5481849097060063,0.25712153361205803
-1.1331462397558196,-0.06498934729854144,-0.06495734392570533,4.510517921468393,0.4609137703694423
-5.6602611334134485,2.2996217785459505,2.299880738658458,-1.211677966241031,1.6433390123097893
-0.8349599701132061,0.4574019056261881,0.45739916210258214,0.9082171896472903,0.2631086056285491
-1.5960419096775333,1.7486448601218567,1.7486288848063125,-0.6796843173641547,0.49113250714538825
-0.6167429111095284,1.7512790478309277,1.751236145469496,-0.7291778713487425,0.4507093253057295
-2.1525888872187773,2.1754574260504804,2.1754504952551277,-1.011972421768616,-0.025161883520613385
-1.5628544886630702,2.748170960719356,2.748124660236388,-1.4391321545581923,0.22806078523954249
0.11293418750965131,0.4243244539112303,0.4243052576735432,0.028472196610852315,-0.33575459549750825
0.08751459720865755,0.2162940203637985,0.21627967447706975,-0.23036299112309055,0.18108238785977018
0.29725632829835547,0.3091592575767641,0.30914318468070306,-0.10275393422629613,-0.8320140836994728
0.1441255547186125,0.343850789629437,0.3438332212730854,-0.04508570002270724,-0.18094008320577912
0.34571753355214374,0.48042086579924664,0.48040130553791316,-0.16676533296888157,-0.18447460189043988
-0.01217929942352325,0.19398044786912436,0.19396696126244448,1.9304091634894673,0.8516094776182506
-5.265857357696503,3.2164781628207746,3.2166208856164262,-1.6491746946012664,0.40623815573999517
0.027056167981180764,1.6726123797145844,1.6725651537219859,-0.43059000129795216,0.2792745149586648
-2.115725245354255,2.160872846175057,2.160864809915541,-0.9319107043688727,0.12705630597780582
-2.153066510340202,2.8843938958732416,2.884362448495245,-1.5105621074265094,0.16750223511288784
0.174167987506859,0.20261902876436202,0.20260498994353932,0.2711465019378232,0.010966041061759505
0.24345753078921709,-0.4168764150068952,-0.4168761850920913,0.19785121926823934,0.6169854884610048
0.1534745503128746,-0.6744363304344483,-0.674430854483248,-0.30906149882622586,0.474919456433126
0.20874508561427432,-0.6711452079080907,-0.6711394476189773,-0.324777074723154,0.493923886772644
0.1994801254283179,-0.6084491760042298,-0.6084449130865199,-0.3495411299582755,0.5001355386025915
-0.06667211738541058,-0.09844089809077346,-0.09844728114715279,1.3386282456644387,-1.189021240296926
0.4616900899762383,0.5921443864474563,0.5921233921995884,-0.16258102415966225,-1.3325860930079239
0.23317854983991707,0.12887305768024285,0.12886103303129898,-0.059529855597815595,0.07228781731688122
0.11702279042981704,0.24091810470801064,0.24090284765970835,0.3644691646441618,-1.048045695266579
-0.04450659874850827,-0.641712915983667,-0.6417071001064534,-0.11004994590174594,0.5581315084687264
0.25218197978360496,-0.6779846740644525,-0.6779784019595243,-0.22341661312316066,-0.06599491237017319
-1.2817012279072393,1.1538660178953921,1.153857666258577,0.38221673706799547,0.7175611434316664
-0.46639211746763143,1.614764858140462,1.6147228717132511,-0.4698726394030044,0.6325494807011973
0.5082496453373402,-0.03661289785005397,-0.036618071996932275,3.85323426721413,-1.766357947528346
0.054708628422935356,-0.6619688987725001,-0.6619634340930163,-0.12891846072033072,0.23830427724925798
0.02120831092115049,-0.7402534072616638,-0.7402459160590996,-0.23229693650481376,-0.21639812970957648
0.097326459462571,-0.7341109099871187,-0.7341041836292039,-0.23931113282674465,0.11599499017350623
-0.07864939936279217,-0.727745135480195,-0.7277364921908852,-0.15538145642365014,-0.08770950011403651
0.129515606415089,-0.8080628281213197,-0.808054396425867,-0.2017475519105107,-0.6320435098924643
0.12384366451081662,-0.7721442116880545,-0.7721366313091218,-0.2259865967620763,-0.5928603548469136
0.1639821128044626,-0.6646313879679054,-0.6646260426227099,-0.09897018908350312,0.23278511394223536
0.11255714888374524,-0.3829232293255531,-0.382924388732143,-0.07221618183639338,0.9820292522078029
0.22617167708506172,-0.01843071542853822,-0.01843988023448682,-0.27537984013481165,0.5588286200402135
0.09939877293913552,0.08246918836842249,0.08245766833997382,-0.22254265716642158,0.1592697856779631
0.1764744783893871,0.055846087647681585,0.0558351654292195,-0.2063267813701892,0.3974395385419746
0.04196976017044087,-0.09612716202127329,-0.09613449262812122,-0.14936522525484333,0.6213847011726371
0.034069308513681965,-0.15417189838308026,-0.1541779256209694,-0.204930963515067,0.5877324206843687
0.061851417577002854,-0.1627440245224315,-0.16274994883666283,-0.1900200878948533,1.0432110513852406
0.1336544063738303,-0.10075651495525155,-0.10076383117167532,-0.14204594215533245,0.13723944048321618
-0.12769998087986092,1.2196306115865572,1.2195942735770453,-0.14658086708891999,-0.6282857973240769
0.12545120580166924,0.0856106533515373,0.08559906278287774,0.341034533782289,-0.29851609367773096
0.20773845590460313,0.14547331240199932,0.14546055676303773,0.3661655643379872,-0.626898574878779
0.47610372175139964,0.8110995519666165,0.8110736411770604,-0.4667390664472867,-1.2241652872060609
0.4821269432285424,0.5256229966818438,0.525603854381067,-0.34494536595348396,-0.3970200604808007
-0.10296129845096834,0.32263793000517227,0.32262191269008383,-0.23431896750260084,0.03828172145442536
-0.10405745172122102,0.032371079473311005,0.03236193821096927,-0.20308434015283744,0.575569546791294
0.199709822552961,-0.2581071365894019,-0.25811083000734986,0.009049548708296978,0.8403851569180071
0.23573972176272898,-0.49599787726123196,-0.49599596026853815,-0.19903400844607194,0.7386391467473216
0.17724424560177096,-0.5704436832004675,-0.5704404527986481,-0.21705924549534236,0.6095584155042298
0.19036553548560467,-0.528029606968468,-0.5280272393963724,-0.2507994892942975,0.702351932206331
0.0893820872002627,-0.5000327198588572,-0.500031160063825,-0.22697818974630427,0.7268892270752448
-0.03499457425696862,-0.13500444807813292,-0.13501036835473904,3.269006066292742,-0.7934071955987573
0.5664551213771066,1.2648313094825046,1.2647959268236537,-0.3973019110297093,-0.31113240885818844
-2.622929487029243,1.7936804063064098,1.7937139313827004,-0.8543761894381869,1.9493848401234632
1.5328308856799497,1.3553194009667144,1.3553047345899274,-0.6547248935851023,0.24890282794423346
-0.06860683980695169,-0.09303755324254961,-0.09304423674796386,-0.1627101948380542,0.5813356067393909
0.1401793629386115,0.04128533117531189,0.041274735912215484,-0.16865578496596126,0.8727696531273338
0.05319084144269984,0.24531432862639282,0.24529933110143926,-0.1838067739316175,0.24858868212621454
-1.5481574835823626,2.4172273511450966,2.4171891983321805,-1.2710878902301428,-0.3364215500666979
-0.9961078775703833,3.0343025700264374,3.0342355150396316,-1.5729406074514418,-0.6757494860153663
-0.19762113355245195,0.6435518868938603,0.6435295591939302,0.30557825975010267,-0.9488640110457722
-0.1587697752576841,3.3709114923208445,3.370826848247815,-1.6942186438298223,-1.0585476412503867
0.6414042832255485,1.956389950202639,1.9563392180187793,-0.9387837668315787,-0.9362852603917858
-0.4166575172706528,2.469648510522932,2.4695862533444344,-1.3108090161199686,-0.7247485586413203
2.0740327022275973,2.9808500185073785,2.9808042251366644,-1.5404240206364985,-1.3404060485668432
0.4732408142939316,0.4068859019993166,0.4068696050069501,0.4319041609986442,-1.4268098212290938
0.3337017011518602,0.6998567983394286,0.6998323107409955,-0.2296430699233563,-1.0824588158423363
0.16303766591172217,0.3033538704115941,0.3033375696343237,-0.24017993325058526,-0.11075837489767881
-0.12163710109113253,0.07687230076080444,0.07686233936247168,-0.18971496756295114,0.5744878899087345
-0.02360945878103391,-0.1465733971106306,-0.14657905761158782,-0.1787878168786087,1.2206145776235438
-0.13296530391505554,0.020257147705545504,0.020248636694817874,-0.18017443275696352,0.9695022512423291
0.13566453318662836,-0.011235868583015781,-0.01124519494607756,-0.22337057959651743,0.5734926916376117
0.27889235528974343,0.30008898945326173,0.3000731202260717,-0.07083952853647908,-0.166453278253748
-3.428071585084206,2.283616034160547,2.2836768894805095,-1.221037285348339,0.4045357317918674
-3.447583884713491,2.1548396141325625,2.154908734649522,-1.1174824077059613,1.2278739003347812
0.2703654490025995,0.7257963644281952,0.7257707570103169,-0.3470089169685267,-0.8683151501150909
0.07895172557220698,-0.025100372666893783,-0.025109387708630245,-0.11618221844018824,0.9678655788760638
0.070487117507065,-0.20366716770693657,-0.2036722626696883,-0.13772318089173938,0.8246264500610208
0.2134092713271525,-0.26952194999537604,-0.2695253870987226,-0.17668622935892067,0.5474467882782658
0.20761419285302712,-0.311080801882417,-0.3110833058000708,0.07110925733082758,0.596261926057724
0.4323852648538622,0.9987550648332784,0.9987242238446957,-0.17657757463550272,-1.791746164862858
-3.308980609245847,2.8169156292721973,2.8169419405519767,-1.5160323761699248,0.7796340695861187
1.7697918619613833,1.2208158706693073,1.2208151507878353,-0.2558635717223081,0.01880493357490556
0.36503706055046187,0.6597573537935855,0.6597337666104969,-0.08487791183492334,-1.2535975190540665
0.2483341695445409,0.4461963082710908,0.44617697914917714,-0.1082101158995746,-0.7157515765556818
0.1922239469449405,0.23483991270937712,0.234825150382814,-0.266297973648947,0.4371818654329531
0.2139953957319817,0.40451645857380386,0.40449788623522637,-0.2800743073625364,-0.22196896189229626
0.6869932870668,0.7577625349962009,0.7577410460134044,-0.4025188377453738,-1.1857882083311488
-0.748852153442364,2.3681185404083696,2.368063220142615,-1.259981536929725,-1.1215585239633117
-4.867412988851297,2.975981446364542,2.9761073586135813,-1.5493507656081587,0.23961680694406634
-0.6650909270694635,1.193637666745084,1.1936097936452865,-0.5206587473735252,-1.021149563188167
-5.285950355127713,3.3655750500368353,3.3657090513483596,-1.7090855799429605,0.21884357574887095
0.7778500070310246,1.348371923441621,1.3483371725854503,-0.4791753055987131,-0.36659574571787384
0.0634684836931737,0.10563126808313394,0.10561922796039916,-0.1259722831597521,0.561743453160239
-0.005972886500882154,0.2512538791666542,0.25123892739102155,-0.04024523050311607,0.27654448965383654
0.12664574115382016,0.1678341734561182,0.16782073659457314,-0.04504971328862517,0.3613299970114009
0.2846045165024755,0.48825303345728605,0.48823293908946336,-0.18553954084793126,-0.6996717624214817
0.14301303700926074,0.3246467981649187,0.3246298401450361,-0.2563650409173094,0.07171134726388473
0.1370995221573774,0.35887153481640577,0.3588538082951539,-0.29165240995413255,0.17251566912313823
1.0960364166199865,1.1542955556436822,1.1542726856977497,-0.39793855130144545,-1.2437806273884002
0.23905688409697812,0.9554507456450649,0.955419802320019,-0.34627971560249443,-1.4629533226601341
-4.924759604963698,3.4154433436979783,3.415545774956413,-1.7186077389668966,0.0285421145113655
-1.5951317996403167,1.9245898269626835,1.9245681096874052,-0.9143413750697849,0.38738932001913673
-1.8495975812561394,2.0858932527087557,2.0858768694016376,-1.0315588247405871,0.33348062118163746
-2.673461849144326,2.9107124869308914,2.910702659374866,-1.5232841836879247,-0.1655095507185827
0.30123771093140733,0.7425189603851818,0.7424929774687856,-0.29022913163672776,-0.9901647309798035
0.3738632403974092,0.4284251243330827,0.42840691073250414,-0.26921678377557723,0.1998143213593172
0.4569850098352338,0.6246482852558151,0.6246262029086146,-0.4102210212014105,-0.5740123121609009
0.24070117555172846,0.5454616221089106,0.545439884908839,-0.38146837589869687,-0.1757321433544778
0.25727531335888104,0.5448291376263368,0.5448077728670436,-0.33681691747933185,-0.6763749026162766
-0.8177131797433803,0.849959642183678,0.8499446806823326,-0.14629942434634946,-0.08061009092530526
-3.662929870709773,2.6335323869787066,2.6335900421833065,-1.3887290960245633,0.5579747085354357
0.0184720002622543,0.1689531569063131,0.1689398740377972,-0.1712260615995493,0.31889893026020794
-0.42874897333182854,2.390948167220318,2.390888035461942,-1.2538271683205153,-0.6577139644817471
1.2380009442882003,3.1030726740923136,3.103003000187292,-1.5903074076244506,-1.1251109968531892
-0.12697289815648583,0.6826158194618618,0.6825920772406248,0.22661104984418573,-1.1552972899445686
0.5512604280799246,2.622571830340732,2.6225050646206682,-1.3331827751653895,-1.1017796413409022
0.090006190131752,-0.4478661842963653,-0.4478657063182304,0.06407789323750458,0.5981445408670578
0.24557220305603383,-0.5731932263348506,-0.5731895759546345,-0.2495467247245902,0.06116291842129527
0.1023539070004087,-0.6222942452066693,-0.622289850523345,-0.23857285482252563,0.3816959566262843
0.15928778328698157,-0.6087748222204062,-0.6087708206694179,-0.2035298964687633,0.5588297009740213
0.08966635297169315,-0.6393560111913403,-0.639351322953239,-0.23994870401700627,0.5105988356417696
0.12740396465338555,-0.6318055149716604,-0.6318010858362767,-0.2374303219097705,-0.24987874235142532
0.09403428873763393,-0.6277189057313095,-0.6277144787992798,-0.2570055141255841,0.068858591080958
0.21453905107060173,-0.6314477161175281,-0.6314428472180872,-0.2761886338602707,0.3906290306747943
0.027123954355458574,-0.6074988371703881,-0.6074944164728086,-0.2397432138101179,0.4437685998385714
0.18161027590175804,-0.6287933770336938,-0.6287888364152301,-0.2513370996667257,0.5625640469210408
0.21374563864140333,-0.6353754429630778,-0.6353704858682626,-0.24321531529943843,0.5163973786803107
0.12847536016988018,-0.6105656972860455,-0.6105616555217472,-0.2480617732096002,0.13026009202474725
0.16488891199841374,-0.6256933791017587,-0.6256889080923816,-0.23233379868391532,0.29444509687809955
0.0587933114175153,-0.6176237834681737,-0.617619314538699,-0.23785635437446997,0.595660305727181
0.16978100477505256,-0.636018495722194,-0.6360137928668764,-0.21927348631801946,0.148597286733819
0.13891154975403253,-0.63061147884568,-0.6306069869621965,-0.24647039497918988,0.022542667822806423
0.12706143631117975,-0.6322570848896917,-0.6322525560548501,-0.24955692067877483,0.3306051125707441
0.09110257421214712,-0.6312640251413516,-0.6312594290455742,-0.2214333805327389,0.5585533600449729
0.1164493330138329,-0.6205174313225316,-0.6205130765367795,-0.2534198504182769,0.31296841471175946
0.26049185272925446,-0.6048755759845221,-0.6048710350718067,-0.2732807209888321,0.26357661607348043
0.18204961531422326,-0.6008256870270735,-0.600821774410756,-0.27121180472057344,-0.048358965921956626
0.10932817269352997,-0.5796372777375217,-0.5796338408975913,-0.24159752150021147,0.24885278600081853
0.14240562934474135,-0.6238458115017851,-0.6238413819787237,-0.23768824268012337,0.2121143851779435
0.09168790873337773,-0.5882717387961411,-0.5882681080731952,-0.2545810424351927,0.3272326562801927
-0.0010811373748998592,-0.5916160609518741,-0.5916118177757216,-0.24518605380998357,0.8652496667092403
0.07023479073023413,-0.6089626330332011,-0.6089586272650037,-0.218403173061492,0.29865178681259064
0.038184807226834934,-0.6223560427559437,-0.6223514675656735,-0.29726499228924586,0.18903383088018497
0.2002856323089802,-0.5965632682371202,-0.5965592722122279,-0.24012517969900127,0.6477033851602939
0.11745955053894047,-0.584501640482074,-0.5844981839746777,-0.22722086843077208,0.6496116920124285
0.18203056578380045,-0.6269124924941113,-0.626907904550426,-0.26362071510959556,0.3593709494003785
0.014398303830454555,-0.6254306051748441,-0.6254257818273214,-0.24549315186697024,0.33082772236868324
0.09657283100825804,-0.6187092708554286,-0.6187050462307769,-0.21487092661321414,0.187794884481846
0.21930922993000318,-0.6139256927332611,-0.6139212172831287,-0.2626696948020376,0.05526742729928902
0.11619431345200687,-0.5936783078643271,-0.5936746452989113,-0.14564618686868386,0.18545208267397403
0.17995892678576328,-0.6060943311302123,-0.6060902106491602,-0.22449183048882432,0.010551497072940131
0.1831779281309894,-0.6127331791555962,-0.6127289096021393,-0.2161288717342896,0.34862023789033536
0.31368010099137905,0.14754111213772045,0.14752866830584585,0.9476075730931424,-1.0571009194995544
-0.11392051279384219,1.0440383385849228,1.0440059434224693,0.1522472365168755,0.4265120280593332
0.25530787744648464,0.18964745448666645,0.18963388605613313,0.8827235133598066,-0.9322693479800194
0.09436785299093266,-0.06436134089924846,-0.06436947435325632,0.8822099990109459,0.022357738733121715
0.14133468182432182,-0.12035502555680429,-0.1203619912569695,0.9889019228687147,-0.0877298109097906
-0.4747851538721595,1.3099992278088366,1.3099648012366978,-0.23892644911896357,2.0970025935488867
1.1285097007955085,0.18521612239536314,0.1852241477855292,1.9428001165947462,-0.6777139921343392
0.08363372982808163,-0.3638853747507508,-0.3638867825246609,0.04269028933701308,0.25764622032175716
0.08394533377860566,-0.40840504574136094,-0.40840545384569094,0.005306016955607576,0.5260493916230409
0.027001255683736892,-0.48121706777644596,-0.4812154826803112,-0.011089340728700896,0.6257028831974487
-2.4904824617466157,2.024518076249386,2.0245335213773368,-0.9089910173376112,0.9108062873648529
-2.3742061796915257,2.943848153728499,2.943823610819578,-1.5147578900099476,0.14290607774440803
0.05969988749499542,0.022388357100522123,0.022378186160645488,1.120369727346217,-0.9402487648465278
0.17710340012373915,-0.64252147870084,-0.6425166298239071,-0.04042036039507286,0.07845327848356924
0.04832485072861397,-0.6530013578794582,-0.6529961841218053,-0.2484899741601493,0.5394987515782533
0.2015097467222022,-0.5845866345027427,-0.584582996967534,-0.21776368727312942,-0.04800711898356395
0.10266013051005671,-0.5812743754233,-0.5812708122634083,-0.23405668154248235,0.15760910700222136
0.18385996184367429,-0.5650822532117514,-0.5650790536388237,-0.28739722572292997,0.25472887894412466
0.02973868448954535,-0.6315537571296164,-0.6315489754087259,-0.24263947060741242,0.09513780785993443
0.10876479847507406,-0.5772942550033655,-0.5772910498942864,-0.08166738045029695,0.22186596347582915
0.12155241094452532,-0.5420437685955888,-0.5420412654609829,-0.1451444681909421,0.45573723321420867
0.10458319701940454,-0.6510654824771881,-0.6510605313080727,-0.2364394236125981,0.13879118830834652
0.12377609997073126,-0.5272531968892508,-0.5272510258704103,-0.16832087587903558,-0.1627740911598349
0.1583982409980136,-0.5420535308171408,-0.5420510274633286,-0.19006254750808557,-0.11312893765532753
0.0679499241934956,-0.6194868452362988,-0.6194825135919028,-0.3061106146814419,0.04946069523522264
0.15621230994655388,-0.6402551207524502,-0.6402504123252403,-0.26972458625192747,0.07648595112979852
0.15882883783519458,-0.6271933578774802,-0.6271888531867412,-0.1678733278037325,0.0840851945035627
0.2993599011618779,-0.30939587826720033,-0.30939761398218,4.748757949303002,-2.0562852563269702
0.646245961937964,0.46295795311428567,0.46294308383837407,1.5730983407304022,-0.317800952343831
0.10583902218164083,-0.4641045203273712,-0.4641038568438705,0.126092055534414,0.25199318499377527
-0.932822075389146,1.90246128886917,1.9024207235950743,-0.746587077847937,0.4966071345543786
0.5205843445139632,1.1531710193702192,1.1531376066360162,-0.08085700433577195,-0.11980026225530731
0.1515755726887262,0.3184881797905628,0.31847136005974,0.5315923879387251,-0.992552453458296
0.520652130888241,0.9183114932711317,0.9182837124426386,-0.5415531574257801,-1.1118135089038501
0.0838824739185904,0.017216887404575745,0.01720665346846155,0.16595515126927696,0.12051143536986998
-0.8818182450897695,2.010363034122253,2.0103186130075765,-0.9135695906459516,0.010555137120731832
-0.08223951264237789,3.077855333275067,3.0777769114102407,-1.559874442536174,-0.6346595801257843
0.03809908946904659,0.5768481495770555,0.5768257076063503,0.7963466695562711,-1.89235724329619
-2.4353199455918784,2.802316003036951,2.80229893703348,-1.4840254816063112,-0.09702716129328981
0.08462344371886904,0.460994044910678,0.46097402527349535,-0.07891915666603516,-0.45601223510303385
0.6158476712012161,0.5821754565711721,0.5821570147222468,-0.16694914329328842,-0.7211155787817718
-0.04707516685410683,-0.406587570861034,-0.4065871241794155,-0.0037063829257630927,0.6274710692217115
0.1621487955367244,-0.3209508556798621,-0.32095322752946487,0.3163434187188774,0.8181921610006606
-0.35214253311128824,0.1866772314082077,0.18666838677476025,1.5717814350848542,0.5833961121426893
0.19804715348175805,0.9935642498175591,0.993532450670584,0.2953551012261748,0.5562693111304955
-3.0685717192490287,1.8010129989936483,1.801075734986495,-0.7148648509818718,1.9793451833754132
-3.551175908195788,2.64705261601996,2.647101728145561,-1.4548960551080128,0.8388978585001848
0.45731633010103656,0.25719737042020263,0.25718443461780394,0.40342225361803125,-0.992965230702244
0.20255245975080838,-0.18145551638773244,-0.1814610205436652,-0.1505958429455239,0.9026287726282848
0.09493257103732901,-0.3601450109096679,-0.3601465026717986,-0.18158973493995928,0.8398888363132597
-0.03837672246910064,-0.38376340731068825,-0.38376356269525197,-0.2437945028480625,0.7614747530616677
0.07899441519033003,-0.3824856310273578,-0.3824866211407154,-0.21957019412953938,0.7020867148007706
0.1567039740183105,-0.4058196691400502,-0.4058201352978717,-0.19760553129776648,0.552654228971394
0.03344744444057435,-0.4165824736203465,-0.4165825189848304,-0.217706330853413,0.3940862828937406
0.10441333357735358,-0.41094582063319535,-0.4109462612452001,-0.20556279950869716,0.40190769449253877
0.07445874456476302,-0.42122606685915753,-0.4212261870731121,-0.22984505391203233,0.650237759784607
0.18431162138863155,-0.411264212354457,-0.4112645562574615,-0.23902810205507627,0.3690083382783754
0.24802402226247142,-0.40530639123441015,-0.4053064211193879,-0.2311218383087983,0.71203790838744
0.16414581361571037,-0.40938807458315213,-0.40938846061400297,-0.215777807573055,1.044918544063251
-0.003411488897042102,-0.41884972718539243,-0.4188494529607337,-0.21573361845120204,0.665536083539354
0.07052252378291546,-0.41468331850097856,-0.41468367518911686,-0.21480901732709087,0.5393739465609205
0.07218138705132525,-0.41212167574105585,-0.4121219108304436,-0.19626741940395742,0.4312325890622799
0.0468825796978709,-0.3955767701286495,-0.39557746628625146,-0.1856549928370043,0.6017382021059495
0.1636754404973154,-0.39014082483414175,-0.3901416430534982,-0.22157801130130492,0.8484642349565071
0.041293327450545904,-0.372622473478165,-0.37262350594506694,-0.19457545437221102,0.7692281529067285
0.12162815481903343,-0.38957972099906324,-0.3895806413774134,-0.24341990693835064,0.718812330401748
0.01022375875375088,-0.39861013418136687,-0.39861049354715306,-0.2293889224319139,0.6435198423582389
0.06819474707614001,-0.4040472437775276,-0.40404774973437907,-0.23548635422341935,0.6557635174929831
0.19098179343680813,-0.382999804549654,-0.38300078311747193,-0.2698427231720282,0.636862853427874
0.18474714986918933,-0.39835219658439547,-0.3983527408613657,-0.1654949757596338,0.44600895204599267
-0.018299871489633367,-0.39313711035729454,-0.393137234378799,-0.14553995640393302,1.0825603094819936
0.14165625805527787,-0.3960103381518921,-0.3960111141335699,-0.20856869704648634,0.7992260691277024
0.05640715513204508,-0.4091787689706097,-0.4091790701416712,-0.1678081501409792,0.935508154853677
0.0013058087941689393,-0.42846641103081246,-0.4284660104274132,-0.18587549754816066,0.45916504603725694
0.11783121128852768,-0.4052180834321137,-0.4052186526579315,-0.16428324012200077,0.5985951488081617
0.054865830646394845,-0.3856419632469647,-0.3856427929266196,-0.13536274562910108,1.10391785582303
0.2468748647252857,-0.38375463026745793,-0.3837551440877245,-0.22166227395066304,0.6206168416605129
0.15844922182936458,-0.37872619055149886,-0.3787273546410891,-0.11785245603213056,0.5778915163560563
0.16225064692346938,-0.3881695725739537,-0.38817052461656487,-0.18640120952909262,0.76882082828191
0.002613291830840685,-0.4020390921111061,-0.40203937448115407,-0.19486344132497335,0.4499348414006221
0.06497753066268211,-0.4110312624621921,-0.4110316115959838,-0.2233182850354463,0.568791086852041
0.14260440175713307,-0.3821873011191939,-0.38218838749107265,-0.13815051458745967,1.156296068383106
0.004408174080748147,-0.3702919893771948,-0.3702928054951259,-0.13380529325548998,1.16073306782595
0.0793184572429745,-0.4021550744680777,-0.4021557124724111,-0.16741112707693936,1.0190372636728782
0.15240259363922115,-0.4010154022731257,-0.4010160658682957,-0.12439106860317334,0.6308232561833503
-1.183012555607418,0.699324802045675,0.6993279107665846,1.165819624289966,1.010714669539266
-2.1898236307594305,1.4354292657627792,1.4354539979953964,-0.27509642929361233,1.2851031994394289
0.1741639560230377,-0.46128440260048337,-0.46128371288182807,-0.22417944344466553,0.18601565087542454
0.17818577659304524,-0.4939799633732584,-0.4939784499305493,-0.24639182139630378,0.3302561800880944
0.32343134737277324,-0.4725693515913156,-0.4725668859599798,-0.2575793585055864,0.7395480659691402
0.16485495982646065,-0.4661381075068274,-0.4661372192407142,-0.25449196955480435,0.797062725568082
0.06362344449369438,-0.48430067592357345,-0.4842993798249957,-0.20177938868421302,1.0936630901902964
0.09749083218778899,-0.4955523079747969,-0.4955507592257831,-0.21792088287300598,0.5335769118004573
0.08969940498409071,-0.501615005805279,-0.5016133209210589,-0.21565061703613703,0.47041751568981877
0.21496000773750007,-0.4836330832680786,-0.4836315334810359,-0.23617991999914398,0.5067059262907241
-0.16997594619474138,0.07382845799321007,0.07381910230095169,2.9601374442987747,0.050037372009647654
0.09141484751208423,0.4547390581841203,0.4547188207612881,1.7610302295832387,-0.27535855122409003
0.14885058454959532,-0.5087798494928204,-0.5087780932848494,-0.19002530720794852,0.8701898914466656
-0.07377836160025825,1.6535927061579019,1.6535462654823043,-0.4120676756659592,-1.2721481734111648
-0.6552084779448772,1.6751917556842988,1.6751512783066962,-0.48308460303597234,-0.22350548144883456
-2.014422694353317,1.841311449560488,1.8413105889112147,-0.718402278277467,1.1667123080562956
-4.795646421894947,2.547975560803263,2.548126487996305,-1.3527658314268598,1.861063928377471
0.031163706308976653,-0.01533412083989657,-0.015343265618856596,0.3824754752890068,0.3425636925100527
0.1735576690699877,0.36063160066907346,0.360613834626319,-0.22222019032206516,-0.0011215360733104285
-0.10802796063200677,0.3245821346423446,0.3245662527903075,-0.26802941905500166,0.22166336948047158
0.15725188395722284,0.43770192165749344,0.43768224591535815,-0.309638115175465,-0.2135295306159317
0.8102696611876717,1.0866883202441524,1.0866608783323686,-0.3244068431241277,-0.952715552171243
1.1250169791378044,1.0950625151024942,1.0950420499242215,-0.4779896847764288,-2.055081095105764
-0.5122704443869898,3.259133518179941,3.259053891702357,-1.6587994906841503,-0.8594995751120349
-0.28151783009162257,1.8529147007109164,1.8528652173022997,-0.7835064150062642,-0.10074923491111608
-0.9388778770001728,1.66682383014255,1.6667892724809164,-0.6469861331680148,1.8800861650353091
-0.6780641394241356,2.3530764795449843,2.3530200640876004,-1.23885908525613,0.7570215564103253
0.06570561356334112,0.3133704470939855,0.3133537422795936,0.5842626252239633,-1.671477748902501
0.5135614381478796,0.4890512070212477,0.4890334232818079,-0.21777765411189304,-0.35872607215502245
0.3451028399807946,0.6945040558322774,0.6944795093080076,-0.338835467605494,-1.2580319189754487
0.8126800987001268,0.7927334994455929,0.7927133746369202,-0.5158895891448108,-0.7952762595137958
0.3115425733913464,1.8097230500980468,1.8096731035844253,-0.9289726504770447,0.4468787266350435
0.1726499748455953,1.1814739386912365,1.181437920115061,-0.511052117420187,-1.0736668004715255
-2.060066559200869,3.383015930552055,3.382965763825167,-1.7086431515804887,-0.34490143087846203
0.605979583596604,1.6754163763416616,1.675371953295501,-0.5196543048646672,-0.462043939861448
0.20519722084898387,0.5834174977499221,0.5833947291480915,-0.0975639564139335,-0.7811279308388437
0.12251209547407221,-0.06997005064672769,-0.06997814771928602,0.1125360471722169,0.24855743148676027
0.40160622970614346,0.672263565656745,0.672239876771493,-0.09991019011530293,-0.9392498091368618
0.12090332153283821,0.5638335856998646,0.5638112568461432,-0.35294211644837337,-0.72739576918255
0.2451402598263553,0.6486359444041664,0.648612069589494,-0.4357252105314008,-0.7544266889310371
0.5237773617662647,0.835108347668053,0.835082435129504,-0.5540178282764461,-1.0359334068490873
0.5346593726810491,0.8309055769473994,0.8308799378995226,-0.5382511049051377,-0.7125547342340417
0.7759636829317963,0.906809088556186,0.9067855066339185,-0.5436959094184668,-1.4893165085521731
0.0966844277121283,0.479988462077657,0.4799678368099038,-0.2955985200936232,-0.09100806684879452
0.2683906169074164,0.22542966850319987,0.22541547571813894,-0.28673365649174615,0.611225419357827
0.2505183002768896,0.48736673121435914,0.4873464776287534,-0.32488010824997354,-0.38811662010726733
0.16766107003698816,0.3282108150864055,0.32819377703809455,-0.14130159689002592,0.0944161629739744
0.029102705093948886,-0.45505091067367326,-0.4550500922463667,0.2894208769906975,0.8771737206225135
0.09724421667970497,-0.5497879866979942,-0.5497853096703857,-0.21441502567520956,-0.02762221725845355
0.1765375613658734,-0.5358750297530184,-0.5358725755750684,-0.26441884746221106,0.21239482571511556
0.10456258054457027,-0.5571114440953399,-0.5571086026227251,-0.19175852576382976,0.24188038647355928
0.20794551824794416,-0.537254458526822,-0.5372517942550981,-0.23739703390079733,0.4212457722537449
0.22575912190734823,-0.5375332639918817,-0.537530414340395,-0.22524029773406237,0.8076630485777477
0.16357269151557202,-0.5386334394922975,-0.5386310129351277,-0.22921434257947604,0.4302817896913732
0.019646034003680885,-0.553337584191317,-0.5533343796607894,-0.2303468899668091,-0.0018998865379968237
0.1969819236414782,-0.53687704566792,-0.5368745689901445,-0.23153524288066973,0.43427581484726047
0.16511748841158744,-0.5425119969834244,-0.5425094833349565,-0.22311664170441448,0.614781379632265
0.13618364827799262,-0.5484972239731495,-0.5484945759290489,-0.2361154649733277,0.420148656336384
0.19589472580475223,-0.5476480002597873,-0.5476452817249761,-0.25598072532209876,0.3423557523253688
0.06051536537381118,-0.5472947690506014,-0.5472919688877866,-0.240656554487821,0.4027290071877212
0.04644862072628171,-0.5384891556489916,-0.5384864636526883,-0.27481949418455776,0.2362908593051971
-0.030118386863701132,-0.540975477048132,-0.5409721023049963,-0.22995109226359303,0.42525191959811703
-0.01516467987168476,-0.5326269863878217,-0.5326238886660167,-0.24776247566137083,0.2123261728806961
0.04004041818977579,-0.5326116713430015,-0.5326091113230164,-0.27255481840527446,0.38835303155287504
0.16890490589460322,-0.5237186457557513,-0.5237165541036979,-0.23649040028381738,0.41629092200714374
0.1594622398508671,-0.5372104837490049,-0.5372080891436789,-0.26227738293033276,0.13550293686430911
0.19087557460925672,-0.5503523147530348,-0.5503495354940343,-0.24434646879161792,-0.20468612015465554
0.07749421594294853,-0.523077921599941,-0.5230757547754114,-0.18446608272429674,0.6558968342044124
0.14435188970884738,-0.5266201750366833,-0.5266180182320694,-0.2388787504576899,0.591263455428212
0.09924212978913216,-0.5444636352388429,-0.544460988207544,-0.2579823142890865,0.252051687311337
0.11510801577483641,-0.5502348098477479,-0.5502320332272681,-0.20783889008833992,0.7541185981471246
0.05793379496352177,-0.5446167856870446,-0.544613956097511,-0.2063539972207593,0.5386163243927425
0.023748197019715034,-0.5273202785767965,-0.5273177478130481,-0.20407833676568393,0.3169831696824606
0.11985702453563137,-0.5345395757570318,-0.534537241125767,-0.25857774904673964,0.4498938696817406
0.1774083926459608,-0.5549234526043633,-0.554920570702478,-0.25973635738795314,0.22632062855807292
0.29136769477982727,-0.5418994847522829,-0.5418960892609616,-0.20675869473758138,0.5075151544234806
0.19757767539380433,-0.5467521149186395,-0.5467492373812296,-0.25111672341844693,0.498459791583927
0.08359574617230725,-0.5327228173700298,-0.5327204339736188,-0.2729934116068947,0.5700372887156007
-0.012731356251328131,-0.539423283821357,-0.5394200334916901,-0.25880976841052183,0.49114295508130273
0.09387327558226703,-0.5387150301696728,-0.5387126017804204,-0.2224288803051083,0.38155935129488433
0.059195562204647355,-0.5434240929860485,-0.543421379737558,-0.27360210258254525,-0.026992777217170614
0.11724934981880152,-0.5420987594582765,-0.5420962550888749,-0.27492915932800854,0.11131706118911722
0.11254426326640418,-0.529720262530284,-0.5297182152338815,-0.29815929822799514,0.41458216789898505
0.1297488884700417,-0.5300900626476087,-0.5300878279281985,-0.284589245784192,0.07815576857847123
0.0661331867876561,-0.5404730361040314,-0.5404703891202218,-0.2320888700077817,0.6403026323601287
0.10689988458111427,-0.537060647082431,-0.5370583454012757,-0.29616221792398584,0.09027909765177604
0.009209168658722604,-0.5274771010532885,-0.5274743876488515,-0.30312646068195354,0.13334111641545654
0.11702010149165762,-0.5326317331560992,-0.5326294413645987,-0.22677093997601958,0.4517376975689082
0.0961101874650777,-0.5256224580817312,-0.5256203236804116,-0.2684308469428383,0.47072758408713566
0.04406997346411224,-0.5533982174389384,-0.5533952802258816,-0.2768389639088263,0.3583717613731093
0.1568964722416635,-0.5390034187329534,-0.5390009838680629,-0.2715915257899324,0.3215862900048751
0.25442280774516574,-0.5415245796200181,-0.5415214612259899,-0.24810196518607597,0.19888994126922543
0.14404286313824727,-0.5406883423481701,-0.5406858696490628,-0.21557093140756006,0.44319492846845854
0.14025309010950002,-0.5322741134252982,-0.532271829663991,-0.28023754841705184,0.5976174270290376
0.05090036878405714,-0.5275478547691245,-0.5275454084549075,-0.29922208353455176,0.3875871237464336
0.1053704404064069,-0.5233622798882689,-0.5233602857979084,-0.26152281196414656,0.38953671945486434
0.15361371087686662,-0.5330942295973355,-0.5330919274206813,-0.21883776834392807,0.4516402284431897
0.18871025746807416,-0.526259599770917,-0.5262573615032071,-0.2110402556904053,0.3725881428556433
0.03688651556294662,-0.5327422522514683,-0.5327396892993465,-0.2615251067894163,0.38596668118177957
0.12181348093777973,-0.5184311041411678,-0.5184291312185296,-0.24725642956148713,0.4904972663530312
0.04021073042932593,-0.5267192302388536,-0.5267168025310351,-0.25688492680554004,0.168738024828001
0.15292013922161682,-0.5421678115024657,-0.542165305582531,-0.27902048956608416,0.26242344562351405
0.20843538969426115,-0.5498702938686945,-0.5498672567542966,-0.2691564104945722,0.34627124622783567
0.194627696092379,-0.5352204235390378,-0.5352178945003271,-0.23198800517754692,-0.04699941872127305
0.07320101393657302,-0.5450122900024008,-0.5450096306513013,-0.22073297626283472,0.737846746680563
0.057708360132842425,-0.5422802113928126,-0.5422776133893334,-0.2664348573399296,0.4672908706600982
0.15878894871346647,-0.5292900978503348,-0.5292877915341268,-0.2721608595282762,0.38589989507746303
0.14479884585601313,-0.5310356547131728,-0.5310333987609098,-0.2575463774224008,0.17741007803100153
0.13739420644218192,-0.5453273679420347,-0.5453247910756535,-0.23784647077693521,0.08698438598594663
0.06920036635029875,-0.5465659162158258,-0.5465631324190802,-0.26600115669412944,0.30452828866361736
-0.0036167560503863796,-0.5459191018667536,-0.5459157952360116,-0.2329643621710158,0.5227594395998337
0.10792085914113818,-0.5346877107519592,-0.5346853727943883,-0.2614945624100357,0.2423843011718089
0.13430696947816118,-0.5485008064397742,-0.5484981583152309,-0.2118395735816267,0.664730254126638
0.1253484585029165,-0.5510056671036969,-0.5510029627336119,-0.2592635675882725,0.44118114023592714
0.17473158484178591,-0.5424727689738851,-0.5424701666466103,-0.2665268782808359,0.4041267258551304
0.1319929702134716,-0.5570173147847785,-0.5570144754257957,-0.2955421460141787,0.40145016441506404
0.11325587529884289,-0.5522174364394691,-0.552214704859638,-0.28066287568218734,0.3497070881361194
0.1253459934626166,-0.5375979275144559,-0.5375955242092509,-0.2649482702681502,0.41761741800783575
0.15986101566307687,-0.5452303726581736,-0.5452277979697787,-0.26969460721599214,0.33118831357571993
0.10511060332399672,-0.5525880426117843,-0.552585302710155,-0.2937360438779305,0.26491813814862397
0.0794372270131604,-0.5401985295989211,-0.5401959783386886,-0.24105690561614157,0.43185083692776255
0.14065130684825364,-0.5410464994489648,-0.5410440187075978,-0.23208724774984923,0.6828270482025761
0.14632582549131065,-0.5381472987713388,-0.5381448831302446,-0.27723238013634044,0.26453664788234943
-2.7657927996503506,1.2746388492373504,1.2747101805820487,-0.014445207798142196,4.367976455825691
-1.0388631893890854,1.257139037146156,1.2571188732358523,-0.011793096724149058,3.8661371722837847
-0.31648776193235834,0.5157169390948214,0.5156990939460541,1.9521705286409148,1.499639838638322
-0.5232091627892149,2.5385386272207326,2.5384755396222793,-1.3434571200197767,0.0776636700292369
-0.008909201841874964,0.6564450051524772,0.6564207758694801,0.11105529752041701,-0.5826710133037236
-1.873679142080388,3.2973813648508576,3.2973281056697252,-1.6820422412061171,-0.4208329836230527
0.5015360040456706,1.8398261588979274,1.8397769693867454,-0.7099916018417705,-0.5494589690983198
-0.2897490326824995,2.24731489985344,2.2472569186008897,-1.052918687648848,-0.8580819037835531
0.7653833049693823,2.9156752779459545,2.9156033636716985,-1.5204708965803364,-0.9328647369980431
-0.13597420648128894,0.7042673521243092,0.704243123727454,-0.03023224004917443,-0.39723082412976574
-0.40272142655108784,3.33761318153848,3.337530718118808,-1.6887069424473147,-0.9118665293974668
0.7290585894001173,1.2388320953244383,1.2387996250174946,0.21857476956693034,-1.3093005955825143
0.07738777143436897,-0.4645039653560145,-0.46450320334349726,-0.23830850964218936,0.745673390037057
0.2616196013434502,-0.46076897521486854,-0.4607675805926715,-0.13179183535399464,0.815347440153303
0.09110447711354369,-0.36896181951947954,-0.36896311330406095,0.012407105578172598,0.9390316494790579
-3.052888611173984,1.6426120877068298,1.642682679385707,-0.5009458354540963,1.0510066555255675
-1.9975286229140552,1.7435287395352606,1.7435304327922394,-0.6886087643780114,0.8767749725596151
-0.9687334253806419,2.1827187276518893,2.1826715110819737,-1.02846959209103,-0.35160390763250327
0.43627746244787485,3.1173613422245445,3.11728167503109,-1.5964422559207645,-0.6046345130500981
-0.45871892147712,0.5167669600624927,0.5167517781256039,0.48851607951767373,0.2168383834031016
-3.4069829650225625,2.990246470217051,2.990271397099559,-1.5539877507792415,0.04938987436380486
0.140038968822636,1.6407621019418845,1.6407155911332283,-0.5663451070194284,-0.15908436832351588
0.2769259246837452,0.44749065346256006,0.44747111615738683,0.1495124552963819,-0.8532927363175392
0.007916262564824583,-0.17091016763154956,-0.17091572945932934,0.12793740234417603,0.8854820250382981
0.2614015626955575,-0.09929083829746065,-0.0992979187460438,0.11168468221975661,0.30649471159910346
0.43503451392702963,0.026476130642525946,0.026468017345206162,0.9114198672765563,-0.460934027550102
0.5629369593125912,0.7286691444144647,0.728646159279215,-0.4189945697512524,-0.7925528302011758
-0.024340449889487678,1.1887873651820333,1.1887511823860912,-0.46119271438616505,-0.30569547853588236
-2.0650581311489002,2.8265101913862107,2.826477177852327,-1.5064689377622298,0.053656353223074875
0.21717988839635574,0.6743485612322644,0.6743239299328105,0.25456227720524377,-1.6418158421007898
1.7925963143637051,3.4023709229848005,3.4023052756281285,-1.706170639655043,-1.6655740187961956
0.9753901292013454,1.8068807210780864,1.8068383613986916,-0.6411357831505465,-0.7680612495998809
0.7218502552947108,0.5484341737906753,0.5484184598997758,-0.02970551893826979,-0.8457126538450058
-0.047065975481323394,-0.05419224070031457,-0.054199975579401274,0.6360743710647286,0.357971147301333
0.19256972618388862,0.34403994386721604,0.34402272950210766,0.1306486228902958,-0.8655792629116024
0.0515227919306209,-0.3275691045221546,-0.32757123820224354,-0.16111537500508355,0.8447262818841105
0.17855934537314327,-0.41759926721007457,-0.41759946886221594,-0.1850020481638704,1.1860107314281905
0.5753745280051431,0.2929661501868938,0.2929538441667913,0.9204091018144336,-1.252449595660596
0.4873009475131587,0.46022954653298764,0.46021187261329716,0.014493726364441845,-0.559951203627893
0.01855906184798308,0.484022677743623,0.4840023201279542,0.29111764571878157,0.03150744919841644
-4.724519640136986,2.6335270132787696,2.6336652722931264,-1.4301291407666565,2.1986393084861793
-0.7265967214321952,1.6518981994444646,1.6518600363064861,-0.69170379096674,1.5144212408536994
-2.0181401122492444,1.8480285744816196,1.8480275630022682,-0.7602513865101156,1.302783879507154
-0.5335237705662793,2.568016237347958,2.567952487842768,-1.3471619134560802,1.3260721333039962
-0.14789110852540793,0.4532476773282979,0.453229085467547,0.7106544515124389,-0.39207625547134867
-0.629081426347173,3.0914221343824404,3.091348064983114,-1.588447642468962,-0.7032107028264288
0.9875718166408727,1.8407998733264948,1.840757110246112,-0.8052425581375361,-0.6234896444980192
-2.341397410409409,2.2305614946834815,2.230561207800167,-1.1139088628889684,0.2969690007768359
0.3602123079151588,2.4045414785807133,2.4044778174429617,-1.2529613983955212,-0.454571997215311
0.17022930475015874,0.025850990216532636,0.025840920644065405,0.8918684305151696,-0.005341664591536365
0.8562051059236129,0.7436343613687522,0.743616592894737,-0.1490451654134443,-1.4448712532280275
0.16189310406092816,0.4019420980573638,0.40192340440560737,-0.055632448376732924,-0.28918471574610327
0.20594916951837128,1.302724850204248,1.302685929873014,-0.2854626340428983,-0.4266128858903619
0.18038212487560046,0.06913488934498581,0.06912366873234163,0.12293336856757657,0.2016299574205412
0.1846861954751278,-0.11052814048218566,-0.11053514772141272,-0.18491061629778882,0.6692834720862111
0.7241660709069935,0.6275550986750184,0.6275376081586408,-0.007787472326595341,-1.3479777140393017
0.9577380157049359,1.0606264129201555,1.0606026012452627,-0.657799173320277,-1.5341084079851086
-3.12367728171884,2.111800934844563,2.1118502439362326,-1.133517253934661,0.6195229532224401
-2.574674779916225,2.56777191312416,2.5677701443861096,-1.3704344241642574,1.178768227523193
-0.0240426329981388,0.8643362598715431,0.8643077207207143,-0.02435375424829046,-1.377332771096358
0.6607061250378414,1.3002636956331455,1.300228771190852,-0.5595821490488176,-1.333015043649492
0.15337729204796421,0.3627807223971731,0.362762908096838,0.025086171233162553,-0.9969907318003804
0.29410007653718767,0.16782199306959453,0.16780909383948198,0.2999946054494266,-0.3724804999720025
0.5569275248946236,0.8667820098361599,0.8667557443181123,-0.4501681614634246,-1.0926700034487344
-0.23288094241563664,0.9584732727362429,0.9584438736154658,-0.3987639050204865,-0.6665848435672038
-3.808362007892193,3.158794001724734,3.158834130593511,-1.6377629882668492,0.058449391262259016
0.5926438044119569,1.4721683566147443,1.4721281391746213,-0.3724508511771282,0.5381344908680241
0.35048133179338525,0.4980586028554883,0.49803846742723784,-0.03385815194854048,-0.58884503425443
-2.341424820396102,1.1839710970519164,1.1840172381660257,-0.10759291977718054,1.338974600627691
0.3477836843979051,0.5507586572600492,0.5507373384753166,0.03089779930387585,-1.22914973800493
-3.8127252838578136,2.3784281628606534,2.378510891203494,-1.206731870409716,0.8870044916403811
-0.09410440546773348,2.0415681096558616,2.041512957163665,-1.0482053871872583,-0.1483454017183984
0.2079259096440652,0.7135925127481522,0.7135671793623818,-0.33397494952201856,-0.9940267820155354
-0.00500513547742659,0.44434202354619606,0.4443229151807373,-0.05190044129276661,-0.6217889623810353
-0.31136607461336197,0.8110304103607616,0.8110055758396044,-0.11131747804025119,-0.5006170476794235
-4.301937413309233,2.3826475920511117,2.3827681989420584,-1.288623482694164,0.7681233188089117
0.4143846588170524,0.6107724964020695,0.6107505465102798,-0.09634388614905448,-1.3416515770761694
0.04497217440711453,-0.042715629745066035,-0.04272415968431813,-0.044605922095335857,0.7272173382348616
0.5131561970871243,0.36590355855384,0.36588854004054155,1.3018866113935637,-1.2971627274255446
-0.7416123881246713,0.469243749053815,0.46923751547927306,0.4882926485183444,0.7017297881550506
-9.713243575658305,3.1316675644432364,3.1323474001190506,-1.6330558768211967,1.2818000849445839
-2.0772524567260047,1.6650924240228793,1.6651012521120072,-0.6102488296072496,1.3123504224809202
-0.06920292495170578,0.991948557369863,0.9919171527411674,0.24062967256718595,1.6093522543515983
0.042108697617961856,-0.11348466062580533,-0.11349169103733085,-0.12016271726328168,0.9343994828416787
0.0033485401041439223,0.5664240673161155,0.5664018594135807,0.6183219872059501,-0.9224031431238449
-0.24268259773213993,2.918301225981789,2.918227461549937,-1.5112205183338203,-0.548035244356298
0.4865977254293978,1.0090623586822562,1.0090318236058629,-0.610370775767791,-1.5666340244777022
-1.9314291938053183,1.1963057087637576,1.1963264962063267,-0.2044495391352771,0.5339083209562758
-2.805081979139758,2.8113366539977025,2.8113365808931654,-1.4901594548292751,0.08502194476781419
-0.725013097141107,0.6810069337007524,0.6809941538841904,0.36148898274419805,0.05565802249483727
-11.733806689598735,3.0488635056221383,3.049910604017132,-1.605114615353685,1.7694469058361917
-2.617230835903515,2.0290072651766766,2.029029774274233,-1.0783678784683466,0.7303936951406896
0.6805158312293331,0.7656400208570416,0.7656179967501556,-0.3232997832432026,-0.9826331412009182
-0.9848455736066843,0.6700843512089988,0.6700805935003556,0.6114573683067225,0.6716022363109706
-1.226224974090439,0.20663389911055516,0.20665845990835377,1.9721273238156736,1.0268079196796602
-0.15750598201641933,1.2774419502477712,1.2774048514680703,-0.5867997935184232,-0.5341700457476902
0.11711388478164571,0.40040145828545304,0.4003829783473924,-0.18255913179388292,-0.2690474914429406
-5.204111356653976,2.306990195899435,2.307200270105306,-1.23235096482289,0.6179742507806615
-9.08078324485047,3.0865793559993016,3.087172793888115,-1.601856430048512,0.919495633538293
0.43500628328205193,0.620892606369912,0.6208707874741338,-0.26208571555306653,-0.39520753126912905
0.026561023805387583,0.02199571875846558,0.021985735754418867,0.1312246124124154,0.43502548034130817
0.40366275833352216,0.10161335264030989,0.10160301481187643,-0.04060480506285827,-0.026233576041653644
-2.8277091693526852,1.687888375648556,1.6879407552146803,-0.6718467651555805,1.3968848894633583
-3.4859463768683403,2.7644733333412765,2.7645122858254676,-1.45734895879783,1.0355620197896775
0.2586672729076862,0.4254054632152044,0.42538660094254827,0.32933380924409394,-0.9776212227409067
0.5934034877856732,0.5027874587999649,0.5027702622155942,0.3880330369084375,-1.3048198217722293
0.41171177478529897,0.5856371940705265,0.5856156294615575,0.10409141039538135,-1.3751171120622196
0.24625065151783945,0.014267980002533372,0.014258349640761784,0.27468470529013483,0.286426205205115
-3.4702839493820585,1.999015571088821,1.9990960718155533,-0.9122593656345102,0.6385681876524464
0.017835795185629676,0.35583682733870414,0.35581934807977955,0.16023321441077892,-0.765634297289226
-2.174907017521862,1.2684334796735433,1.2684650067511507,-0.38232606293603427,0.5940131936619855
-2.771155309142856,1.5585255058341239,1.558580790186444,-0.5589591037243965,1.5014178117071209
-0.9121440306671051,1.5581368082053544,1.5581050493014883,-0.4185274867080991,0.2735477653062022
1.0643809184247048,0.7970048744021077,0.7969914602153394,0.47244190391483754,0.6065542243878865
-0.7181411508664084,0.22138237683405407,0.22138278359317948,1.6809132192998204,0.7316656497699716
-0.8060396439134512,1.8528283632652633,1.8527864048062979,-0.9834231572002634,0.5932732609253256
0.12183790738281249,0.65513203113456,0.6551080104531246,-0.36773282653667966,-0.5997029844914288
-1.272163865591174,2.232962105568628,2.232921642055418,-1.178349220576011,0.21352021388001946
-2.0125322259297533,2.5137837828447225,2.5137588661602934,-1.3097118366218086,1.2729515661658541
0.3827539650184117,0.26167455808430085,0.2616604470327729,0.5283658944344091,-1.161187190326387
0.06243708549066144,-0.27198346281314106,-0.2719870237636119,-0.14650107299323842,1.0462796545534783
0.1294673138807582,-0.2563945384195102,-0.2563985389720585,0.055274312551207926,1.0226487595287277
-3.761725310652373,1.729590078392253,1.7297120945728148,-0.7200062177119241,3.1677370730357985
-0.32697684166065105,2.6991226936685844,2.69905456727126,-1.4368737493096675,0.9000530001354379
-0.21646993095893288,0.8778335611263992,0.8778061518540954,0.04395656042887124,-1.2158779274573221
-3.3684464933114557,3.5654329815968904,3.565431021613818,-1.7704997085946994,-0.16455664329667272
0.08571332664691875,1.919417461650081,1.9193646937582023,-0.8207938426999849,-0.006707209901395191
0.7588173411359609,0.7880460209906305,0.7880252849599829,-0.2910628998261707,-1.5347682910566331
-0.8071450706223157,1.0490333717996074,1.049012507230977,0.14010956346223868,0.9941694394225618
0.47885538897843954,0.42470007553682,0.4246831994157331,0.4855842903862928,-0.884825108888776
-4.409317595431559,1.7284282844658942,1.7286115855377366,-0.7051739912035432,1.802485629172994
-1.6418876564630076,1.8223852783827077,1.8223690802130619,-0.940128724237428,1.3062397944046364
-1.5938108680660121,0.490234316624023,0.49026755532147076,0.9182466669627807,0.03539611145460125
-7.691661532392171,2.4109483618921543,2.4114530815777298,-1.2647257024703302,1.8213008362700638
0.6199885898047233,0.693165288054663,0.6931441748587062,-0.06232168456657346,-1.703617680571641
-0.02313661599411481,0.5360673198792129,0.5360461518626733,-0.2782675363561283,-0.8063742984633487
0.22817721205830374,0.04523786660223693,0.04522771994462776,-0.0019980414244199552,0.5073945072722736
0.15989720669341162,-0.1820496684774229,-0.18205524885158708,-0.1238805849975755,0.7204164740917997
0.19636958433358198,-0.30915468870169893,-0.3091572358693749,0.08075802437363197,0.6834263614133359
0.8758909747800135,0.7608739072596691,0.7608562890371805,-0.009571107156033352,-1.3256645944587317
-3.0812850291250835,2.242073751181645,2.242113686759543,-1.0947981270302223,0.7903887351440275
-0.504384205505891,1.53472968777352,1.5346902149780028,-0.3092936114097853,0.4654167050614713
-3.3694969359152767,2.1456559609403913,2.145719914092961,-0.9448871402587802,0.508080799916951
-3.7592938642878417,2.9971939477421445,2.997239496461963,-1.5461304717802737,0.37803928306904183
-1.2115131150947867,0.1942009486898687,0.1942256095447773,2.3127920160484146,0.8096872056685862
-12.486710112834034,3.1493864443685253,3.150550220786496,-1.6375309656258397,1.5303968049613692
-3.4508908093356445,1.6961739044579391,1.696272310757914,-0.6628127277872272,1.396948734253105
-1.4289406187632017,1.068966753468895,1.068967293860679,0.1849103656820083,0.9719954818137407
-0.2445225136053948,0.6187723234981404,0.6187510895703064,0.8661088325399614,0.8475243321765947
-0.1547274382305707,-0.2868833893131951,-0.2868842871413686,0.09052079050942219,0.8470450889312926
0.22201517623238265,0.3049034663500664,0.30488713077730245,0.48997561164495657,-0.5100820894862658
-0.17620049566546409,-0.3602036738006458,-0.3602022087769271,0.0860653004188929,0.8868532639989297
0.13627530298555596,-0.4679174291176023,-0.4679165904572616,-0.1264844813974587,0.39531864998629945
0.1209741353668177,-0.5105023890075954,-0.5105005941207592,-0.13638902144488557,0.8861848505207102
0.06542505101241829,-0.4923670473371963,-0.49236557011180554,-0.11466335352707822,0.9856305701164191
0.09639646641386167,-0.5118212740954431,-0.5118194495936239,-0.17166802614509213,0.9425972442217189
0.17269613687408353,-0.5176349009338497,-0.5176329458896034,-0.1594715096048787,0.9135582262132899
0.20434319767638043,-0.5142824286665457,-0.5142803697812768,-0.1673040760085458,0.486785129506465
0.08917569677089188,-0.5074006894040136,-0.5073988746048197,-0.16138329116912986,0.819395972310466
0.12145056019891963,-0.5308741750300687,-0.5308718331441064,-0.18847774495591393,0.7714906024699989
0.10575745131274501,-0.5146323460941039,-0.5146304584709025,-0.18015251320849957,0.7993279932298887
0.1881242510328733,-0.4952263930736236,-0.49522494120253974,-0.18804562458887011,0.8570199259819804
0.15509867409028988,-0.505526611551018,-0.5055248388334158,-0.14826332114057758,0.4036013334523973
0.17496206672091333,-0.5076099054548905,-0.5076080859578425,-0.186219867415032,0.7750502045195506
0.02779175477602625,-0.5036195750050759,-0.5036176659898294,-0.1759887033390984,0.544480623053069
0.1832623020608373,-0.5075439880689978,-0.5075421700520956,-0.1546254562681272,0.4787211912436413
0.10292579554856354,-0.5084571588116092,-0.5084554994091697,-0.15152709614866375,0.9829527171934853
0.19568340629656172,-0.5332952059749758,-0.5332928097258312,-0.1667118048162324,1.0721528229672883
0.015411991201370172,-0.5219683421246357,-0.5219658419766057,-0.13658976073152904,0.9081577385373429
0.2444606932176374,-0.5287314121802278,-0.528728581051133,-0.12544854658542878,0.7116539982824939
0.11783065093279298,-0.4978484003961709,-0.49784688964906887,-0.03749135480283174,0.6976490135915828
0.037026571157379874,-0.513591549977991,-0.5135894170464438,-0.1838848480514706,0.9925993797858013
0.18252648445584937,-0.16725202139950132,-0.16725775492899614,1.3347878652152496,-0.03181923661042436
0.27996184742398705,0.208024433530895,0.2080106315727101,0.6376899223043718,-0.4176219539724893
-1.2161913597098968,0.6447362503599543,0.644742734274429,0.4180082365024582,-0.2207893859400469
-5.546678087715561,3.3120533569119215,3.3122122037782638,-1.696040241683965,-0.019824120595410107
-0.5352601603969779,1.8895439889608372,1.8894961907280328,-0.8015923078416719,-0.09332248782605602
0.6056334709652279,2.2621427292126737,2.2620847732463725,-1.1068697768357543,-1.6425535340401745
0.3597278117806036,3.116504774454602,3.116425126494999,-1.5975867927833587,-0.8458819994532245
0.7713167464302298,0.7261146665877912,0.7260953211983966,-0.3186640435680758,-1.4900613071896447
0.44634029226333594,0.2574101689377041,0.2573968701183903,-0.09633942304388993,0.3092798695205578
0.17264560484023175,0.6149475030063825,0.6149238472928786,-0.3095738719376777,-0.7640118952064882
0.24522194610032233,0.6256098192978586,0.6255862824053625,-0.40666412526787177,-0.514323677292869
0.0584185116499909,0.25266322153677323,0.2526478798763609,-0.2028658929640786,0.07762259486976687
0.0008068588155826157,-0.08077405349320692,-0.08078172884733653,0.07406539600914124,0.44238355901043225
-0.02803913626007769,-0.24881135219188072,-0.2488147169846409,-0.14295134663736567,1.151599953780699
-0.12723138499956274,-0.23250369543168875,-0.23250626213018108,0.04228291860014794,0.9716078515773653
-0.8915794009199457,2.107138354532642,2.107091760370821,-0.9499880093468129,-0.27754951826082874
-5.585836618406118,2.931810349376506,2.9320028111351784,-1.5692362461727536,0.910365539318161
-0.47708660796446817,1.009073822575455,1.0090468696278267,-0.37879042376013233,-0.7804124321854764
-13.388822342675802,3.4337415084764658,3.435002072548904,-1.74261935363172,1.0183972538480335
-3.183913271518375,1.8373718110134116,1.8374401788802952,-0.7458054031446122,0.8515075604378302
0.1740403648854319,0.031933302051784455,0.03192291678437801,0.7682339846607759,-0.1399931197680511
0.3301310990229822,-0.1537703038744622,-0.15377553409308803,0.04112710572399566,1.0532050107903346
0.12164966792715715,-0.33085727151354694,-0.3308595104786052,-0.052421296230151695,1.3138125847833757
0.1401647975363449,0.32171383273935583,0.3216969405779185,0.24996609135060913,0.04722780776479668
-0.010967166621251058,-0.46231068972676664,-0.4623094396053592,0.15410137532350032,0.7705051911028891
0.1133995199909911,-0.5497216215037733,-0.5497189459663662,-0.2521991838561575,0.06588473494443306
0.19580699230505325,-0.5358243378502803,-0.5358217056912855,-0.2032249741196807,0.44173455819645235
0.10410363509278327,-0.5427537239189196,-0.54275120484258,-0.24639180538786795,0.4487803066502943
0.04528064446881564,-0.5634094204213929,-0.5634061688515333,-0.25698014941803393,0.11262210490593814
0.08593428376083474,-0.6068137799900983,-0.6068097329137938,-0.17719154747836388,0.20183738929897488
0.009823410868015392,-0.5794913817842348,-0.5794874108624063,-0.17487952173996127,-0.6920384822311851
0.021354193189401814,-0.5584902459374842,-0.5584869257062093,-0.014471915966408788,-0.7899170931267034
0.09840031903762102,-0.5527309830301059,-0.5527282399188127,-0.1689688085319644,-0.5311165800063302
0.24427693756956864,-0.17967968768191647,-0.1796849630343361,1.7685978974087353,-0.4236445191221567
0.373170440673858,0.2562392397214524,0.2562250715982924,0.12902559814479836,0.344499596523853
0.033927683410280116,-0.4376935911924725,-0.4376931625161208,-0.12375057608479961,-0.2014402548347417
0.09417916569948707,-0.4651789020680898,-0.46517794578085725,-0.15179475214508406,-0.24652010004430616
0.10983092847490944,-0.40598088013815736,-0.4059815217953661,-0.20593298882847996,-0.060143379165413506
0.1368700494314839,-0.2552404467963942,-0.25524429414425187,-0.11433101027713263,0.5092186616430526
0.05311039128527343,-0.17791962182924878,-0.17792511582248008,-0.1528994334085474,0.8117150615706862
0.06227361036044183,-0.142869037059125,-0.14287549721709,-0.15489326577457543,0.32536009747091976
0.2415158738051742,0.03144554922084469,0.03143571226364026,0.7468540052854598,-1.080623882502625
1.4178512437139512,1.347186843482202,1.347168239974298,-0.5702982760671412,-0.7897782962455083
0.05494695271779147,-0.12296118046453773,-0.12296781896568008,-0.1354909850701936,0.374187044497535
0.7293027762725914,0.8802751912543978,0.880251309542548,-0.060820208840132395,-0.5535455193164349
0.1797627279064598,-0.11210290324869575,-0.11211005424662841,-0.176832365073938,0.00186823958421438
0.11419169373909172,-0.1102701133235486,-0.11027739503562536,-0.17294279762111683,0.6535945645289619
0.9051701748474643,2.5764253612558896,2.5763635723592397,-1.4593675992139494,0.1974912232468836
0.22997075048027077,-0.08067929725098616,-0.08068688517317085,-0.211020638485175,0.6323110732697536
1.0085281465870974,0.7609928451516059,0.7609784484059832,0.7905055691316171,-0.34533830220905
0.19762887934162632,-0.044300692103121854,-0.04430918645049767,-0.18857542217107373,0.6645268080830321
0.41184465987797375,1.5942459223013827,1.5942015307088826,-0.7374467119047581,1.7502105670736137
1.5309666783214815,1.7113220063334125,1.7112964801661643,-0.8380275538890304,0.8950448135316961
0.14300351352632792,-0.18332968380239376,-0.18333523543437824,-0.1966704432861815,0.1502719287606683
-0.30030881212197913,0.5804714563211795,0.5804519780189737,1.0139717544131794,3.204321836236352
0.15340295044213223,-0.17210071085257092,-0.1721065146261913,-0.15674122035327925,0.12999508141264493
0.09449334446537788,-0.128695993037203,-0.12870250276565795,-0.1915185836402602,0.5534661560783504
1.1433480232327613,2.7427961860424634,2.7427335272712536,-1.521612567168281,-0.001450533124249829
0.2086677744747851,-0.10489417434500298,-0.10490130809245521,-0.17487519275060479,0.5776377869634419
0.5889897413355721,1.0987008682064416,1.0986692159333904,-0.07500892397236998,-0.40790179308911795
0.49275249842950336,0.23931298053685704,0.2393008045591648,0.6587871511897023,-0.8661190852258205
0.2980545620949737,0.3474760667302045,0.3474593125663998,0.14629982661217897,-0.591438709100567
0.2535199400173075,0.05648090073356132,0.056470322499269525,-0.15235935037775697,0.09118233841780711
0.15216651076730386,0.17096345805270935,0.1709499509244586,-0.2116484688238094,0.12741155280812666
0.28891856322927056,0.5540321361382807,0.5540103856104052,-0.3217947302547171,-0.321046798197294
-0.026415792108032448,0.360958858995231,0.3609414438426533,-0.2674940001536766,-0.6101356832391525
0.08425391155170657,0.40199153609678334,0.4019728413349175,-0.3048471257143901,0.13336809602836272
0.16151494472355268,0.4530995423333705,0.45307969996376196,-0.35683452012011146,0.1120851365012399
0.13535001654033457,0.4670231571165545,0.4670030020983159,-0.3623815380056508,-0.17616061921510748
0.16889807391438696,0.4559356020367379,0.4559155168653502,-0.36813292353546123,-0.20500284660919693
0.10358709738134293,0.431722605737699,0.431703243377775,-0.35470904073009385,-0.22232512144965616
0.22799569270405953,0.16056319919482293,0.1605501047191077,0.2105865734665352,0.10999184514734688
0.22890596687293296,-0.5231023719346539,-0.5230998463224846,-0.2013982623430998,0.4689118985204517
-0.0009534019129586823,-0.6198027292309232,-0.619797853135564,-0.10608018204437314,-0.33610984234038455
0.16717411449213737,-0.5537855716427236,-0.5537828048511081,-0.16639932729105783,0.19158031503995643
0.20901937525843703,-0.6092883688110432,-0.6092840870496289,-0.21042926781113258,-0.42891723232617307
0.10773463638910243,-0.6176264703181422,-0.6176222700072991,-0.13487580556288303,-0.3986706777729974
0.1224523743114245,-0.5741339820704715,-0.5741306688046184,-0.06653477785018216,0.09528476439730389
-0.010037288977612939,-0.5963442004030258,-0.5963396719392778,-0.0004235397137061756,-0.37189525877527513
0.20338004233931659,-0.6801416772191262,-0.6801358940375707,-0.19327028372968838,-1.1831970132742595
0.055559517706715855,-0.6905138137140096,-0.6905077080710482,-0.19822858749109373,-0.960144904117441
0.08877098144434997,-0.7172854972380058,-0.7172789695680057,-0.16887526648500115,-1.3353709532641014
0.0633099325126595,-0.6911550752398136,-0.691149044757262,-0.1917648483999545,-1.4070896887960558
0.2508700139010556,0.9614200306583105,0.961389132414911,0.452785257853645,2.6498189917260317
0.964265531697741,0.5641900411290127,0.5641802426228784,1.3434374326404799,2.328745403381877
0.9347084567352482,1.3266971047461136,1.3266664229746206,-0.4468287583937197,0.16418415368002115
0.1952115739451551,0.6783969276413975,0.6783720263183521,-0.41455828770794784,-0.7894430365604591
0.24253616747527793,0.20674835891921123,0.20673440649540994,-0.1679048788926747,0.28376150968277164
0.26573050437021145,0.4174271309188812,0.41740844779615854,-0.30908524791847247,-0.14808352514335096
0.43717719115779585,0.6171392560873149,0.6171173423520532,-0.3892646055805914,-0.5013580275826445
0.3724288117823949,0.6003274567113757,0.6003052040004189,-0.42544461847797205,-0.42022488639969685
0.2845506300278869,0.8243398112411573,0.8243118119543269,-0.5529569078268758,-0.6344238014901221
0.4889684430808958,0.7436540649351875,0.7436298477236101,-0.41130532452677937,-0.9566391684383112
0.09268905029077311,-0.1926252890765837,-0.1926305424201963,0.07318522157866783,0.6865657158121476
0.07337961995390821,-0.31426830156165797,-0.31427082346506663,-0.13803593375652556,1.0534850505695503
0.15283386239037233,-0.23701688688536424,-0.23702132255453273,-0.16034989658873347,0.7910095184595141
0.1929438540374428,0.16164367112880335,0.16163037327225818,-0.08800613006634886,0.7485185319018929
-0.0082285170862448,0.565682854971485,0.5656608428318557,-0.3836516194194033,-0.016243014860634116
0.13827624099012772,0.01591519815652606,0.015905172568579016,0.015347485013852153,0.8687820551223017
0.1417697615073804,-0.48782510658885836,-0.4878238209103988,0.36105973103752065,0.8566980748125216
0.47042127862678546,0.1128802101746879,0.11287069406979147,1.320374730614997,-1.2643741049964354
0.24868879650561596,0.1771604088199485,0.17714712078051914,0.9913632016053708,-0.6328495313388475
-0.08252263975043896,-0.6827609976917051,-0.6827533645013725,-0.10820239081408174,-0.4831493405337221
0.1567448710109939,-0.6930836961471688,-0.6930777119179399,-0.16101764378826044,-0.7165996884915474
0.029079172717648448,-0.6968586307911792,-0.6968522035588393,-0.19271288776183276,-0.7586255595453933
0.09405961117481686,-0.6795618549959341,-0.6795561743936855,-0.12969980857503954,-0.5713982424764613
0.19426298529263641,-0.6461941339227179,-0.6461890234586225,-0.1625032261177992,-0.32578104067164837
0.1050396779317817,-0.5988684063867215,-0.5988646272799321,-0.1947777326636372,0.010996239802221476
0.16515905731824107,-0.6177672612564891,-0.6177630577842476,-0.16872350455745838,-0.29039753863003614
0.2323424529217099,-0.6364285985890455,-0.6364235282864307,-0.10328637227018529,-0.7855936811694574
0.5490503953204798,0.1414716971823172,0.1414627929033518,1.8804163926987867,-1.7732406047196603
0.7937754965303179,0.8108314043397649,0.8108105149120002,-0.4179279230335027,-1.0979445001774182
0.15005352341452693,-0.08398080893055512,-0.08398859139771458,-0.03159133835091499,1.0399681270045467
0.18708243559926555,0.5745702381738014,0.5745478473525922,-0.24776252044064792,-0.42850350303494916
0.20618301609646406,0.45928431271408604,0.45926451058749496,-0.3698129309694441,-0.2166876952574718
0.17966681859860412,0.49153367726876673,0.4915129718776066,-0.34310307567528137,-0.5344068307423775
0.4108743340391514,0.44259610843669556,0.44257811399084523,-0.319205004555993,-0.03293991240358916
0.3046850707024504,0.4642721809955215,0.46425280422647497,-0.313601453049683,-0.2901124716477238
-0.033203384969340215,-0.015624479759820684,-0.01563308066097192,0.41738097921476125,0.7340203813942635
0.09197710101907072,-0.6507972452886709,-0.6507923001427033,-0.12046804719509079,-0.11394084111753387
0.1951244046480265,-0.6876839337655696,-0.6876778916663147,-0.20091946075632192,-0.771580660942886
0.10790158777652291,-0.7021503818040467,-0.702144283546044,-0.22448331057048643,-1.0685618272178647
0.14705850279608282,-0.6735099941269914,-0.6735045389762645,-0.20988188484591766,-0.9618533671824946
0.022822791963725993,-0.6691631186863632,-0.6691573133445345,-0.2582789635139942,-0.5971216376450601
0.15760684943984013,-0.6985924550758217,-0.6985864367094947,-0.19930055773923738,-0.4751713919743301
0.1270656941171685,-0.6677415959297205,-0.6677362703058313,-0.2126686311862663,-0.5785723834930447
0.21605448891649862,-0.6450249959397785,-0.6450197326088519,-0.22698814001788833,-0.10817320279687044
0.0335384349278389,-0.5870288020007349,-0.5870250200680774,-0.16481211260577586,0.3460947074998523
-0.2525179821041253,-0.3718552882505062,-0.37185194952114126,0.7453671692196531,-0.050920215480800196
0.736622350608426,0.7828790293779648,0.7828575137732899,-0.31890613200944196,-1.1891435226144602
0.20830529996886707,0.364983760247973,0.3649658964793944,-0.20506049889149724,-0.10630458390573828
0.2755983868102525,0.28198553173582164,0.28196988989448235,-0.21975552837277457,0.5074308323018369
1.0504110986496578,1.1152242790191003,1.1152013908049094,-0.7121723069426453,-1.7156670574753208
1.3667789705136693,1.1897965460301843,1.1897807601747679,-0.7754743172049838,-1.9524793266779483
0.509471974818794,0.9445811836593555,0.9445524547179307,-0.6161893645425626,-1.199679970898043
0.2776335065146412,0.4771051138148449,0.4770854488879509,-0.3449558847691017,-0.16256972202518605
0.5191806085187792,0.539689193636687,0.5396702728435877,-0.32588329866466315,-0.33459331942302484
0.37605353632511823,0.3768999398580604,0.3768830623520871,-0.11257919699369451,-0.5858797112356872
0.04747889565276743,-0.2289297371653187,-0.22893408574890425,0.23869766094242945,0.636255041043557
0.08787247602818388,-0.4013524228208353,-0.40135307884835747,-0.007169396295870417,1.0352899224036687
0.11488918724334515,-0.37369121283394985,-0.3736924004220899,-0.1898121945263357,1.248829685243986
0.012390635145673512,-0.3679080369618524,-0.3679089961700383,-0.17028102718382773,0.5407278636586845
-0.0807630663232107,-0.2953923744782877,-0.2953941559568062,-0.1392347986765116,0.59389902437133
-0.12010766076326088,-0.33183403103874504,-0.3318343673183534,-0.14352072199278817,0.7597554488755622
0.05101062422454411,-0.3876484132417395,-0.3876491978674446,-0.192013731571024,0.6096082510682134
0.029399403838385497,-0.26825572716690993,-0.26825901358342263,0.03503076697153064,1.1606833392318376
0.045939704878656215,-0.25134146924550693,-0.25134531458353165,-0.08251346130923544,0.20413568844799396
-0.9536949443878641,0.8708495424417347,0.870838052491691,0.5381060944500795,1.6460667754467992
0.725446667126628,2.9633872849457488,2.963313941080797,-1.624724448838903,-0.2865699934758181
2.013899458845249,0.9199069447823989,0.9199301771318377,0.32666278880364796,-3.289677339592709
0.03377249692873128,2.2804838835906565,2.280423366350112,-1.1587252381382973,-0.48458358358616993
0.20460393107151045,-0.06705562448594712,-0.06706360788135063,-0.17595239024079612,0.4257543315170353
1.0290672538616172,1.8615753137758952,1.861532800669395,-0.9044780055497256,-1.2190860004225712
0.1739189074593651,-0.05608360395477399,-0.05609183372206014,-0.181496701042154,0.48187852071528253
0.2559597673545667,0.32798601530571164,0.32796934054379884,-0.19681174871554688,0.06479077566049074
0.07225634392736156,-0.07431486616904681,-0.07432286568068855,-0.18622278914746926,0.6676472707104772
0.06221982646813878,-0.01702325385339712,-0.017032539822929287,-0.19602583584021757,0.3291113294954443
0.08454680192879291,-0.06453947905215686,-0.06454769806580561,0.026754367057960728,-0.14108751454322896
0.14213761260733876,-0.2764954899651636,-0.2764989496000544,-0.2392390263140207,0.22586641781704914
0.15615763102380958,-0.04086707696677063,-0.04087600665307839,-0.1628107353924489,0.3757510993726075
0.25233133959133575,-0.03249771843837193,-0.032506298697007496,-0.1603325723360128,0.5936344906319616
-0.0386603111974466,-0.2394853855130473,-0.23948887015662215,-0.17760092713865672,-0.12290401811313596
0.09820423812794589,-0.034709622894067746,-0.03471869084329143,-0.2029522888098247,0.3839825128554687
0.2587086135687546,-0.23078751479517245,-0.23079137386490783,-0.16495528766402784,0.5808070317044737
0.24165178507527207,-0.20943529721921067,-0.20943981486288504,-0.17770535394106404,0.6611761156292565
0.0791532997632722,-0.06607098353417486,-0.06607916815856582,-0.1860268699726107,0.30934324858115286
0.14878089270936382,-0.024392566823537746,-0.0244015977587423,-0.1684365393692548,0.3294714359117032
0.08883003037245782,-0.00757413988434293,-0.007583458910253363,-0.21059687606325983,0.19312215897968696
0.12129212538518558,-0.017657887815945628,-0.017667159535052025,-0.19115892456937206,0.5460176394544535
0.17937089947953755,-0.040357381527755164,-0.0403660539800856,-0.18908808051268364,0.4127868925500546
0.2214862004188219,-0.024502369425581844,-0.02451121877590829,-0.18783362868183884,0.18737927402252214
0.03349305252472071,-0.02237250345558945,-0.022381490190771583,-0.2088627489708443,0.2594792248824094
0.07768268011792309,-0.0014484802029334075,-0.0014580263374852761,-0.22290540289332791,0.23188410089183006
0.15537419728643606,-0.021901498656119706,-0.021910585527161457,-0.19563721866665298,0.3844236951838927
0.1914008472023099,-0.03684468344066582,-0.03685361388839189,-0.19477844743470815,0.5378566273721905
0.10148934862708141,-0.09963636720340364,-0.09964361901259669,-0.15815583137585593,0.3268101470344905
0.16599929856078363,-0.06458954402323569,-0.0645977619126976,-0.20205525502973243,0.5682484726395598
0.17522123060707473,-0.07785443275582069,-0.07786226322840102,-0.1843539967570163,0.4238764385157641
0.1204324992963744,-0.008103807574790558,-0.008113562505519308,-0.21852064513320704,0.4831321015991783
0.0666060295745752,-0.025731155477820844,-0.0257400667959529,-0.18214736138411958,0.47484454061302933
0.1522467352437021,-0.008874843954070845,-0.008884402452208612,-0.12594694401260378,0.4901778534355024
0.09057090817814833,-0.015900329689915154,-0.01590955131455968,-0.16295470412693489,0.529160574657245
0.13857025336096201,-0.04905193846400224,-0.0490605052435453,-0.14730039622019656,0.5493251117890785
0.15126722059665346,-0.035578460612199714,-0.03558715081343738,-0.18334380757930277,0.4754439142961765
0.05040736344891725,-0.026767652633984253,-0.02677663023768428,-0.179506576745531,0.09354764852994919
0.22027956602705406,0.004861855632974426,0.004852167802614057,-0.18491407630769094,0.47997269409023
0.09549347815181794,0.0617342297918799,0.061723354477091576,-0.19301213138567758,0.2730121481840686
0.2375122000414768,0.0010806516723710477,0.0010712278665872955,-0.2195659801641562,0.49933138778764086
0.09132453919701844,-0.007044293070564073,-0.007053892672914702,-0.18622629081496528,0.4111398319711065
0.21994509648508553,-0.009110301572972912,-0.009119496545395485,-0.17164435039177964,0.34605410004440257
0.21303671298256693,-0.010621206871899436,-0.010630367917609794,-0.12108929500089262,0.32037687631917316
0.08737487500665225,-0.0052272659985651785,-0.0052368168418029,-0.14753495680487075,0.09914899095970947
0.07325636733784467,0.008884249159079234,0.008874560567300556,-0.16614488868729307,0.45211906435901406
0.12546890926016413,0.0007548263328633595,0.0007451411643802833,-0.16460042783929757,0.2798976060298103
0.08625048083319334,0.004653893445416193,0.004644120725100492,-0.19164538019417998,0.37932698906962414
0.1948828284947191,0.023738947017997645,0.023728924870529078,-0.17682900194110648,0.3008245819165025
0.3074569876726538,0.029136470357956506,0.029126864369408794,-0.15583978057366632,0.5790191508635683
0.11343795244426468,0.02130681042655433,0.02129666377233132,-0.16518091292314752,0.6217563892630548
0.23655508680103063,0.008595323225804962,0.0085858202410398,-0.17507476457177135,0.6448770030918662
0.15835151733151212,0.013634779026634705,0.013624804644493616,-0.16228364890402158,0.44242709445110756
0.01692328472293168,0.000377503035626996,0.00036809501873581155,-0.16839895474712352,0.83201545413694
0.07920651945300484,-0.015779152756337938,-0.015788466661611624,-0.2052443607780149,0.2603545733476874
0.009886837495158203,-0.02102898890969752,-0.021037916253251784,-0.21268676763568498,0.22570648155685105
0.01567900263237458,-0.0021347016848762075,-0.0021440532913182104,-0.20578383600122283,0.4161346106561621
0.08423699316826565,0.010327266715469524,0.010317366602058854,-0.1913092627698808,0.4683748069352345
0.3211990337409114,0.022518042392332772,0.022508585017666474,-0.1842171071830656,0.3819331060035655
0.20313869186703737,-0.004479515652344813,-0.004488993726332273,-0.15618784084818052,0.6438087865606248
0.14558306434787097,-0.019588299956613226,-0.019597438769511717,-0.18024048987266172,0.2456643080543445
0.2077842794115491,-0.013642032291430722,-0.013651394184802032,-0.16734629145485747,0.08738946023026413
0.06987231622431608,-0.011168339087142007,-0.011177756526203383,-0.1804866784388039,0.5108929769372005
0.17224402596706992,-0.0002697591217732412,-0.0002794212836417492,-0.15012458935113882,0.26012575053407766
0.12261988477230112,0.02207739899750654,0.022067235040056983,-0.14208646091102672,0.1794510520544086
0.19819337427155162,0.010808571106485004,0.010798839304905572,-0.132275472436592,-0.19300176042233694
0.008008248100258773,0.01845176365007657,0.018442039343288117,-0.1793402963674512,0.10381328002707099
0.19300581373790254,0.00323810263537289,0.0032284512656700487,-0.18455840764876832,0.250060655815515
0.07578975484862092,-0.01380324328953788,-0.013812512003332769,-0.186748098083236,0.2906284242577578
0.049417203325187786,-0.018296731176778047,-0.018305809431629395,-0.1801400481422846,0.30619934046518477
0.2522394566381871,-0.01908809805415296,-0.019096979419900954,-0.161137270244043,0.4218566881361051
-0.0002866067987891966,-0.019152403330064596,-0.019161193692211424,-0.16640703585555308,0.46028244115254996
0.0746193063580736,-0.017141654375340265,-0.017150937686240923,-0.201376730966738,0.46632226066816407
0.02771645937844769,-0.017353378152854333,-0.01736256714993638,-0.20059898146755492,0.2989158812484639
0.13821551227709433,0.006362550902020832,0.006352739814555417,-0.15309417789502278,0.06164236055620059
0.1577011943678415,-0.016357721116211404,-0.01636711158964225,-0.18501646301736158,0.11849454910636313
0.04009039115017142,-0.030803928218259398,-0.03081263606986198,-0.1907692027338939,0.20307131945197782
-0.005959109699935559,-0.024417912774906816,-0.02442649534270647,-0.1911964606741293,0.49520388944665483
0.07116645843475473,-0.027184651749088098,-0.02719370954891143,-0.1789521830705034,0.5900009275208177
0.0697413340330379,-0.0423687574141388,-0.042377295142256126,-0.18852717650801,-0.320804552184495
0.15641097080071006,-0.020026614748133463,-0.020035654159212046,-0.16490521531767374,0.39015440903057974
0.08060957327599003,-0.006173037187460502,-0.006182566793823238,-0.18095339102899125,0.3552647581412196
7.40725171320834e-05,0.0011746914212668897,0.0011653550635165925,-0.18577971961762488,0.37974372230836095
0.2774619581585504,-0.0004574803729024645,-0.000466511401991227,-0.14094812669346676,0.08480276111081342
0.04054967255894353,0.018764512986404455,0.01875442341834938,-0.14855985742586944,0.15586594973164405
0.04687417820868605,0.03192255465191065,0.03191234874514142,-0.1850725193992272,-0.08716782104623112
-0.04396765193679405,0.003799475155448258,0.003790348538300314,-0.15301988112643242,0.47145687422946114
0.17360540060744453,0.0118277828611847,0.011817849054345667,-0.14149364930590438,0.015984353434192914
0.14259028387008707,0.021597169346478443,0.021587016172373928,-0.16059621499666896,0.1308491285127185
0.18508037816550296,-0.019850446951868585,-0.019859579878371898,-0.1644275377535575,0.36198778684468297
0.24712248810432505,-0.023232026760497442,-0.023240725516499153,-0.1366272269611583,0.42325482435274214
0.1985844179439896,-0.03402698387874955,-0.034035440238749465,-0.1575949556790591,0.3864047707458489
0.2578355459948426,-0.014963783352578183,-0.014972667768339536,-0.17992355644896535,0.6462143095278439
0.016382317040192523,-0.014797109092868506,-0.014806265930190502,-0.20602053057939163,0.8048932763536377
0.04215015624865855,-0.007278138579485067,-0.0072875538116288175,-0.20567814101120704,0.6109113475162621
0.06879341216537516,-0.011262647521034693,-0.011272062842441775,-0.1750729795268673,0.7847643849535071
0.07575512819814048,-0.02260294562121707,-0.022612016741576542,-0.17415883374783378,0.7395177196801529
0.0931548302873335,-0.005236043041795457,-0.005245683247603091,-0.1576524386596251,0.5867720289285194
0.0860728852513706,-0.0016618160904285457,-0.0016714469942716837,-0.18038381296568498,0.6805145448330402
0.09260590991290868,-0.029464891755648228,-0.029473719234378644,-0.1757419534497978,0.5060152992803002
0.17895285102043396,-0.014222839692944564,-0.014232009425232698,-0.18046703557015167,0.5277659208940305
0.11821508510034644,-0.024680776263487098,-0.024689890286730316,-0.11845498135806877,0.40975867198406735
0.1966535115834702,-0.029703573594512433,-0.02971239571374741,-0.16011638630401534,0.8702053597088857
0.22501198434715214,-0.04006111153790046,-0.04006952196387922,-0.19472247106864726,0.8499357855774324
0.15213188668138056,-0.04576466708926607,-0.0457732181233837,-0.15423119288250556,1.1442471375942387
0.1750626845556748,-0.010968795696151591,-0.010978128056217272,-0.15049073121943077,0.7762865663284154
0.1397778981882423,-0.01786056586523257,-0.017869922592947292,-0.16806054458964845,0.7215446552218685
0.12352175280372991,-0.015707951232173945,-0.015717266736246457,-0.17318660362939947,0.6569691281697919
0.14990483808532354,-0.0027641410708190424,-0.002773657662786295,-0.14847872820795827,0.4948800632839579
0.1417363709734406,-0.046374492470439205,-0.04638302981119681,-0.1567245702314037,0.6901120574216586
0.16850680456092082,-0.029667301119938323,-0.02967621361331027,-0.17881293861353634,0.31197001742216673
0.11766067529136721,-0.01754871214556084,-0.01755789675650422,-0.1571323831489983,0.8343739079264271
0.1543335025642977,-0.018239411710784394,-0.018248670372028167,-0.1831942814031201,1.0004793548354811
0.12289137520234747,-0.011784165099911348,-0.011793568710871172,-0.13920148299642984,0.6512915448937583
0.11850618349313242,-0.01626609953228717,-0.01627540250338573,-0.17820450863043125,0.6193207491913268
0.1537125386507456,-0.01798219060713786,-0.017991544603822636,-0.1825641712123815,0.748927043225517
0.06064500373714893,-0.016841085425536032,-0.016850375485579914,-0.20241640206539374,0.6175163638657974
0.014555275243771603,0.027502686453806078,0.027492579793228195,-0.18880418116220027,0.47681281509345946
0.18792201005695217,0.023398433565329082,0.023388419063939937,-0.16589913344424714,0.3250980982985738
0.11228801143487324,-0.0024895450040431843,-0.0024992468812531214,-0.16942191051397923,0.4065699882114508
0.0023451622529240064,0.01299620435079913,0.012986602546188983,-0.20217785486802856,0.5553881865568681
0.07178776343440621,-0.01465318349622506,-0.01466243312498741,-0.19146966584739453,0.6981793945366951
0.11809116057031267,-0.037138624827214535,-0.037147459114961846,-0.16360625260680042,0.4822666624924236
0.04987457670344906,-0.03616043231536655,-0.036169199008340806,-0.20301046811282086,0.5901760279989844
-0.04092938006221359,-0.03300633913740002,-0.03301454973656388,-0.16967105575123848,0.31679976456094283
0.14109467774454015,-0.0036881487749699,-0.0036976446187516193,-0.1930682204317736,0.5335582779146759
0.06594976453201531,-0.01676200247479791,-0.01677129431061458,-0.16659218909631884,0.5809904365999566
0.1557560547152049,-0.032812706816340194,-0.03282163824066882,-0.1787222635862515,0.7082202244484235
0.09889568120077095,-0.017712072623642758,-0.017721253566398643,-0.1794396255898349,0.7952528822547853
0.06690115881004322,-0.009272855996064295,-0.009282136878053529,-0.197584263103785,0.44663777024958506
0.07514604074869555,-0.020598645106417027,-0.020607850792115263,-0.19505539055671506,0.555137444336433
0.19886599605953917,-0.011632089391696928,-0.011641317298140625,-0.15777220813381743,0.43731901763612613
0.14688583629307977,-0.00454319399659714,-0.004552760200370008,-0.1923434216911806,0.4525118437112709
0.19531835697527689,0.009194311645438668,0.009184616091343587,-0.1678073755479612,0.6532469031884156
0.13283590103531287,-0.000955532795387966,-0.0009650899988564941,-0.15588585159783136,0.5305156830418858
0.10669439046446326,-0.0018047565087502253,-0.001814384202929303,-0.18150976609249814,0.6891388100060617
-0.02500276215777953,-0.005762934320609017,-0.005772025337378046,-0.17714016930501716,0.48509871828254775
0.11438777593104542,0.019819191160687723,0.01980907791029933,-0.1882056750607309,0.5711523472317712
0.15692067396737702,0.0093512236835963,0.009341345486801503,-0.19965254866802348,0.7740851343924592
0.11745473237721701,-0.02625338955002242,-0.026262557820582316,-0.1507059195664497,0.5422664569245249
0.2912675231780078,-0.02973375587582472,-0.029742039959402593,-0.17364689584803625,0.7108738406957342
0.11586836785682654,0.007577544457755108,0.007567885207454274,-0.15937370517453742,0.46401391046164564
0.16884339242708551,-0.04677178801910773,-0.04678022687911444,-0.1852228671277032,0.4145404159393721
0.06028342682622927,-0.027732052649327515,-0.027741008597850475,-0.19965213915464866,0.5991802185263816
0.08984080953557867,0.006484265205591736,0.006474361825430759,-0.20050083039097413,0.38971821817018754
-0.04471320972979299,0.005340831420683914,0.005331759752715279,-0.20339506075322866,0.5499298809224326
0.11609212610827678,0.0017520954794873586,0.0017422983581108175,-0.18401477552348253,0.6637692842427318
0.11797877718854025,0.018281417362076672,0.018271517761029903,-0.21755141087453755,0.5865117103150643
0.05735462563765148,-0.01740299531560509,-0.01741218319855563,-0.1878121897215888,0.4005213835511417
0.017568455491311575,-0.03505398749835776,-0.03506251035709883,-0.15307379356009979,0.6263811563122325
0.14115092489397446,-0.039671966100802904,-0.0396806539438345,-0.197877915031106,0.5200175360466036
0.1522228694749737,-0.03006701483357846,-0.030075828791900683,-0.16690217477560507,0.5408922877346246
0.04929697175743308,-0.04558276734640183,-0.04559123290534342,-0.18576060886184545,0.6839406010285547
0.08056722217940922,-0.04147233470299739,-0.04148107167920049,-0.17814575927939194,0.6631293983567712
0.12280711571586185,-0.051231779843407856,-0.05124029767557399,-0.18953628224112742,0.5498230464847295
0.09131198825438393,-0.043301004791526244,-0.0433097007057489,-0.21298790231719952,0.4155884449569033
0.09369444901301795,-0.03576913739829423,-0.035778091996932396,-0.16789412808791715,0.5995472638076835
0.19350520994943093,-0.039139342875389976,-0.03914804267824123,-0.18368495704983073,0.4502609999620033
0.1543919924189494,-0.046931386907233814,-0.046940001302826974,-0.18412398531375782,0.534574771237977
0.1503370044314731,-0.04662096617421192,-0.04662958754016575,-0.19792230082132561,0.45076379590094373
0.10672609993119896,-0.04610007552699458,-0.04610879814897273,-0.17399779459959758,0.5807989346066953
0.1729899222816111,-0.08961432725940975,-0.08962189366874482,-0.15780633002579253,0.7296444220151777
0.025097574661796976,-0.11205221134595761,-0.11205909480319094,-0.17564026322012924,0.6068373422990573
0.13471717423925744,-0.05096900591649319,-0.05097752964913198,-0.20445015717061799,0.5608862032197186
0.18247696285751008,-0.06505060747782217,-0.06505872545465297,-0.20631311473484043,0.7857558428765813
0.10698448034515463,-0.06671905174656563,-0.06672704269956156,-0.19245828927284142,0.5595923928677331
0.10776074358076965,-0.0551368475875569,-0.05514518817349433,-0.19373776647872418,0.9367753533416016
0.1490381511295715,-0.04652271702703217,-0.04653134059912727,-0.2021869651226658,0.8367254028375337
0.011159237390178904,-0.03560031365860979,-0.035608913809492396,-0.20623988132985466,0.8357363745058521
0.07377032510480394,-0.080865943762128,-0.08087379617221124,-0.20137618302279242,0.244436909065566
0.1389797862080881,-0.0802301454979265,-0.08023801218457939,-0.1947697796019343,0.6690478258308689
0.01094780504147431,0.01812181847395059,0.018112101575935565,-0.1710035871778598,0.6315908803763516
0.6770162570749556,0.5103885573607174,0.5103728021708122,0.1318414553337065,-1.044895156704583
0.6563237277341981,0.5334456708033279,0.5334290396374898,-0.209225132991619,-0.8326084348106156
-0.09150940190715401,-0.23488442362706902,-0.23488747422528683,0.1461139789604311,0.8560194398215053
0.04516870667884599,-0.47935579724163324,-0.47935443305881664,-0.1960539263983624,0.8025002770417539
0.018717274506955036,-0.4543152511523109,-0.45431435968426,-0.15933410149831256,0.7624440519744012
0.2137659191592525,-0.37949024112086116,-0.3794912089347237,-0.1350756430349086,0.8314170258376287
0.18435924521468858,-0.40110747166537797,-0.4011081331931704,0.2784886608913961,0.4351910832038452
-4.277983054519041,1.5513118510388222,1.5514987709434553,-0.45697335372555603,3.5063142670791705
-2.4661732503143203,2.368719678307978,2.3687202297683747,-1.2594291860023534,2.893600561106961
-0.5500029992428601,0.23319538140535287,0.23319014932939702,2.9400723951085377,3.701963817720642
-1.8669254526644476,2.6598499032963687,2.659814900227871,-1.481306204227753,3.293253672129189
0.12131599147448363,1.0784984432936462,1.0784649161061195,0.3408067405420761,4.436744932678107
-5.465660732316001,1.8963753945672936,1.8966584554214958,-0.806232163377612,3.0217478176544565
-4.145857399020521,2.4154386255594322,2.4155445248360725,-1.272011428739326,2.746473043207103
-1.6176084811239153,0.26680447116740186,0.26685150372964817,3.205005269690601,3.2607834096163195
-13.842585973408033,3.0901628973638924,3.0916299987756295,-1.6401074522386518,2.241620608412269
-3.425825279228598,1.2539386405870663,1.254067575805423,0.09117493762889185,3.0294217651772963
0.1169002110100023,-0.6106784554230549,-0.6106744111268224,-0.13956417076128724,0.19716263153504435
0.10055409054256727,-0.6301571325160147,-0.6301525612750231,-0.20498230193270706,0.5698488269026484
0.009705984925769916,-0.6450797181174693,-0.6450743639981258,-0.19795886765033663,0.6853108538236503
0.18297657962095235,-0.6360710684199101,-0.6360662748244412,-0.24355131719219264,0.5499609337196116
0.049550314098890706,-0.6016019179829595,-0.6015978088174091,0.07534011183763704,0.30894397593280326
0.3900567363758765,-0.2685888070013324,-0.2685902947455934,2.377714158248872,-0.8533798363005441
0.04608491523293732,-0.4045498638449595,-0.4045502689560444,-0.14471017466250335,0.5438110488632104
0.21811189975153286,-0.2203829569773365,-0.22038740791544775,1.0438655152001608,0.5691061831456253
0.2237010340292295,0.1816019509411319,0.18158856316883284,0.4019097085860374,-0.4074989474100104
0.14585276215247767,-0.07365640880344469,-0.0736646022197653,-0.07719211212545163,0.7100976518590243
0.08215313918457907,-0.2181800086882022,-0.21818477777150946,-0.13585200660933483,1.270190875117336
0.16480173757217087,-0.2303253766005986,-0.2303298729650252,-0.2165851699827781,0.7964299248408979
0.08573719241564715,-0.2179419537809973,-0.217946638650068,-0.18704721084540415,0.7156092238330404
0.40892202901387054,0.04578831259910726,0.04577958653594872,1.2463143427161787,-0.9516706547360767
0.06402681342773871,-0.22028345396683816,-0.22028799669890015,-0.17247126286787876,0.839706578594523
0.1681722298721096,-0.20730238615258736,-0.20730739948811192,-0.17655955352389832,0.9104333008356139
0.10823011011048787,-0.22923693367837844,-0.22924154404296543,-0.15344174325789572,0.7382318545767319
0.09822239006337032,-0.2082399176682461,-0.20824490995191391,-0.22055713173103314,0.5827092056491274
0.49280682600791975,0.5710397173152546,0.5710197343213528,-0.15822760419682524,-1.0708855307460172
0.10385287397808528,0.506477041176644,0.5064560002388371,-0.347603686556584,-0.35440689173943435
0.9291631866428439,1.0092300181202878,1.0092073605287757,-0.49883051732797545,-1.794988531109392
0.16379589005242684,0.3349485391906285,0.334931349849694,0.07104124772771384,-0.6727349681783724
0.9456863205376312,0.876490136142173,0.8764711756434121,-0.04191449146850534,-2.173117620848267
0.5689329349346973,0.5422916765161302,0.5422734137626618,0.11647753001634159,-1.0077768471614608
0.3502499471901452,-0.2149056341933146,-0.21490895428712994,0.0818395870736044,0.9921786329064022
0.291605901105055,0.5263536407499316,0.5263323326111554,-0.1882504736820824,-0.51921609737185
0.07189084837313468,-0.13592585849398095,-0.13593238499830432,0.25296696504011534,0.9172323290465403
0.30059242732251334,0.23445318543725116,0.23443879003309662,0.4279650701338933,-0.07285519086645394
-0.36353224427361464,0.7908955149438401,0.7908718490201169,0.20209821108905524,1.8432727931331887
-0.2764045545200396,0.9277224539706339,0.9276942827038591,0.12794064408732111,1.2777400383480617
-0.04810700103133259,0.4869979162753562,0.4869778500906364,0.3850111744781779,0.003635694162863531
-0.5668550119450546,2.200856397925594,2.2008023257871634,-1.1364925318133914,0.20855175025388828
-0.5197538221163577,0.6909316201142227,0.6909130647446219,0.6699887257617173,-0.06979003869639225
0.5587868493363006,1.4919141961562339,1.4918733562126822,-0.5394286780955991,-0.6930851726605554
-0.2836231878869132,-0.214418776979031,-0.21441897341710123,-0.06783965335743448,0.8152220625891317
0.30263235813609335,0.5065787832287828,0.5065584564836393,-0.09148618351328976,-1.2107596144597934
-0.02063325944742728,-0.03375426860695161,-0.033762641530998144,0.05607145782574378,0.9452624917499981
0.0842245550661452,-0.2594436653253758,-0.2594475078514695,-0.17835411827570008,1.067324396218142
0.19417245129654245,-0.01748521292463974,-0.01749430940177558,-0.1935489312382392,0.6919894451298468
0.3072913993473523,-0.07797354977108875,-0.07798057153205812,-0.11788027192257523,0.0978531772259763
0.3772169220253068,0.18718558342223893,0.1871729658684802,0.16738240089850415,-0.3891018121234737
0.17132893555989087,0.2968783828642921,0.29686204837192987,0.050618348425742046,-0.3964134776504021
0.3201619268342094,0.1420260838924746,0.14201412213674544,-0.04462477164659172,0.35993612119664076
0.1942701557943949,0.06042967457053053,0.06041864942964534,-0.1737987753688274,0.7404294379300432
0.27646070376064097,0.23950285126796103,0.239488342475787,-0.20547851225075628,0.48370336519526314
0.2513388252041534,0.7656599035468081,0.7656334010107377,-0.4093406766438618,-1.087454421528822
0.5134640670424551,0.6794704137654599,0.6794479960080844,-0.42729771762575214,-0.9716067503387136
0.19407788068751294,0.3734942679613811,0.3734763922124138,-0.1970453891655712,-0.11684314934932816
0.025319542211225433,-0.32667080101603524,-0.3266728653074788,-0.021038306069732466,0.9700915215911122
0.22106019670347551,0.47469518851647413,0.4746752194647718,-0.003946496509357485,-0.39951279069646217
0.2223339506846652,-0.2114275964708183,-0.2114321589379461,0.31862599321419366,0.17698649233315364
0.04956275220101114,-0.5767733643561481,-0.5767699022644751,-0.2069868871500059,0.4425252260347115
0.17201724217933587,-0.5474845502200397,-0.5474819249150817,-0.23560527416960172,0.4790761165172769
0.012950426677807308,-0.558044945336046,-0.5580415455441451,-0.2157207219768076,0.8283853154026405
0.10023296439138898,-0.4764121739778622,-0.476411055012117,-0.1809502593212108,1.0812644247977783
-0.4023637836708182,0.7558883675815397,0.7558662042051095,0.9831942328240473,0.22483365323626725
0.2421954404138921,2.636504043043815,2.63643481505035,-1.385572985373314,-0.6509093774034462
0.3350782118084647,0.4024966638908524,0.40247867426380113,0.28026789897388626,-1.1699717466265414
0.5849270314665526,0.35563585096106387,0.3556223168397753,0.592764804285631,-1.3411586454784283
0.14942236282179322,0.27531032167419794,0.2752946506024479,0.06207964728266726,0.20904942166008572
0.08843148024127623,0.007120690401452547,0.007110862290298992,-0.05839881521871146,0.6020336744755885
0.10077213431957423,-0.14368494383287844,-0.14369147522967118,-0.12601067596733004,0.8694791563502101
0.2854238104423129,0.40319721523929364,0.4031788516430525,-0.09713638915511502,-0.2865151729718232
0.13581041866057608,-0.03490916628505816,-0.0349180506343139,-0.019675134052060003,0.6468033853880143
0.7025522705763538,0.8312299693002573,0.8312070097579297,-0.28041289826405374,-1.4223845965765298
0.45723555680941075,0.576303793773447,0.5762831552191023,-0.3372806732602429,-0.6013678387121647
0.140291298164024,0.36715957135242594,0.3671418378462776,-0.2859150574960234,-0.13296408292656323
0.7445581982828068,0.9772192458428056,0.97719318729496,-0.5548913021369545,-1.5894832724331318
0.42402733210744226,0.5447469200173022,0.5447262735814055,-0.1895985372787316,-0.7349346669093603
0.2649003469663364,-0.11165903563390737,-0.11166574880041885,-0.18322991826452556,0.7971334046374602
0.10497805162374993,-0.19412652171562378,-0.19413183090937405,-0.08156360617664359,1.376077733562257
-0.036334883625009765,-0.2381937271715465,-0.2381974199380489,-0.14966587842481352,1.0440975963917645
0.05820674590885833,-0.19805792058946364,-0.19806305194573132,-0.10334706261648975,1.291559222628888
-0.0004620737981871913,-0.08694592699407383,-0.08695319508254197,-0.06964074670540892,1.2598853967116925
0.11753574289037813,-0.28731561391145355,-0.28731865146592345,-0.03673463379419021,1.0385698202144131
0.5770106744264224,0.588964409948127,0.588945099179011,0.2655891037649717,-1.834879834775569
0.08220098356254997,0.31889066991583703,0.31887384114727596,-0.13394513078671724,0.0017781582443727878
0.014008378304928851,0.11441798397329896,0.11440610478735176,2.2171290081895063,-0.018494776937254372
-0.6296828047378604,3.0754998614693903,3.075425791359063,-1.5856558278902604,-0.30286251826375066
0.8910850525834823,1.6248720712284557,1.624833081995796,-0.5374468051521804,-1.5665138255003979
0.15205412674439214,0.4708782494512903,0.4708578287493443,-0.30217036097429534,-0.3065483438451392
0.025546997912929716,0.12438870508289541,0.12437642288949344,-0.17310535266035523,0.5770875927296029
0.4407397303190313,0.44611409066205615,0.44609601722146636,0.08174245910265038,-0.7182032925683057
0.058324843765074026,0.48600306529370385,0.4859826632093059,-0.10350398622251437,-0.5552913299099315
0.26195305532079194,0.1906826082178456,0.19066919566270082,-0.16442317171333248,0.5370699237580818
0.13035685681086542,0.17824105987726013,0.17822738933366963,-0.1289771384468137,0.6360179731688524
0.2160196417141043,0.5632847518129754,0.5632627935216951,-0.29515352376070575,-0.46591868466761777
0.03791925246428504,0.4983923096215701,0.498371450222845,-0.35862063763559865,0.08687820042056303
0.24980074744784017,-0.1562392503104733,-0.15624478332861386,0.38056842532473073,1.143023338418687
0.08246451745407493,-0.44604611212773554,-0.44604567501851855,-0.20438781234999256,1.0723681536558116
-0.02987378966208489,-0.43652230372955836,-0.4365213639960228,-0.1617018947582712,1.2434856953135733
0.07188535509174458,-0.38702175026743074,-0.38702272808388566,-0.15750431245593088,0.9607867393678738
0.06972463876606799,-0.12171251172253218,-0.1217193573812896,1.4763603503823408,-1.2591435178995276
0.4671655015321971,0.4122450929463922,0.41222831737713805,0.29259584164792896,-1.1005079627631027
0.08179526036505275,-0.29668761528641313,-0.29669044239672493,-0.02129007102825927,0.2954916212872856
-0.21279165846316322,1.5561506887086742,1.5561075107664635,-0.5587684347638667,2.1055480569373404
0.6853952602228234,2.1510382587971955,2.1509835141100195,-1.1460439515577967,0.5536524737857732
-0.22633098141875768,0.9892939496010318,0.9892638584155468,-0.11046433715779105,-0.4333163619013341
-2.973653397304468,3.462816807601748,3.46279959812732,-1.7357043092262805,-0.10742168854068454
-0.14163001924457966,1.6659787262658061,1.6659320074675887,-0.612306031465054,0.04823214167493288
-2.831908313661459,2.332375912648038,2.332396983315666,-1.1370056158051507,0.30330555655524966
-1.6375322588169157,2.80092528949328,2.8008785209123586,-1.4424849358212097,-0.2961883705167342
0.053261202632344434,0.20163313394927113,0.20161911726628176,0.2921515988986366,0.2507465548517455
0.2746652573081631,-0.15276792971289815,-0.1527736302376665,0.6355333028513869,0.1556238332979834
0.2788272565713465,-0.05408646837322315,-0.05409447430634446,0.10153154505181297,0.6338015602666357
0.11534208226370378,0.15055038410238739,0.15053733534071057,-0.22668597352184228,1.036039419091301
0.19449066154625458,0.3275842416737623,0.3275672176948811,-0.24266114592402793,0.40131480466222086
0.28208021265308286,0.5378322220618237,0.5378110144151841,-0.09486759797858793,-0.9217833201901677
0.23623755359440302,0.7661349386212306,0.7661080671798389,-0.46852189384790777,-0.7399986815507967
0.6985140983900329,0.5301397706021439,0.5301242883846915,-0.3669207123801758,-0.6301972595974435
0.12354920446447686,0.2846121962649809,0.2845961372044298,-0.18798928631066006,0.4546231802769664
0.32641907695527334,0.5656377158920151,0.565616063004582,-0.24793990254382733,-0.5682150562298508
-0.0006697003440986448,-0.0020782778355387024,-0.002087630708953361,-0.15953388707275407,0.7924046623908307
-0.018620553972426745,-0.23506318871163673,-0.23506695177299977,-0.1235676223516952,0.6184265177982552
0.08298766659381764,-0.2209967230717967,-0.2210014289070246,-0.20396835863997204,0.42131322665800347
0.2850388191247212,-0.19842933281676942,-0.19843382891555747,-0.1139270520898894,0.5072113362084628
0.3826146787911199,1.592794665071756,1.5927499478279787,-0.6917353083273681,0.6738274807071402
0.18175873811449045,0.6886132268381105,0.6885880961125719,0.5012382061162142,-1.5407973416179783
0.15269481210233726,2.7280328410824723,2.727961916088827,-1.4645415244479034,-0.19887682969298337
0.37219026693562485,1.2258386680003326,1.2258023697109606,-0.22432725576421864,0.8536394130150726
-0.934163031025586,1.7283054058606704,1.7282694676573658,-0.7358038483687543,2.7599726835591007
0.9095163811207729,2.013044152144106,2.0129957302013066,-1.0859743922496665,2.5085585666627463
0.5225812523169922,0.5175504455132934,0.5175322009553298,-0.006157359801179471,-0.8819182440794582
0.417655987386127,0.5381175655284733,0.5380974261904266,-0.35334639504485016,-0.23420698938965476
0.03352375540277965,0.5190343031892043,0.5190133385222344,-0.3729547634549433,0.10987497331156879
0.006706150633577319,0.22886005941958895,0.2288454313679945,-0.20159931196095374,0.9134816446498008
-0.00114365101970146,0.1742392655342468,0.1742260430878018,-0.21627950158491277,0.6095431755329793
0.21436873370193732,0.2025110173956302,0.20249698100015517,-0.23128145181366305,0.0753496321584453
0.05834926860725857,0.08466936024592273,0.08465779081358477,-0.27000538002107605,0.1372611095120415
0.06891487472055621,0.06063333779813924,0.06062248720339518,-0.18684544692055122,0.7319402888363917
0.18317176806474336,0.38927933240270907,0.3892611022070805,-0.16608516983437666,-0.061455724918912887
0.2486199945667114,-0.4586343624765985,-0.4586332844651529,0.22691994608026722,1.225202937266606
-0.07928918456118177,0.26943650939649805,0.2694215075765398,2.4208454387809986,0.13987646863873218
1.4867049661562377,2.7270168535477346,2.726961713866842,-1.4637846087084287,-0.623312537351093
0.5058077766125989,1.1710614994468265,1.171028043228401,-0.09979672596345379,0.6283493658660646
1.133701759562378,2.174461858575503,2.1744133944554687,-1.0014769513340491,-1.391529719945586
2.4751972250217285,2.0090242663446385,2.009026804550385,-0.973804669980178,-2.0175135169218525
0.6123120291152465,0.7605326773136757,0.7605096931740821,-0.37675970470885406,-0.7522922216109549
0.08523242089235704,0.1229034144203348,0.12289134469778877,-0.1404958311993654,0.2478086294206539
-0.15513136623807117,-0.37253407611420297,-0.37253287157466497,0.0022633768332275114,0.6829081568780785
-0.42894728540621396,0.8219881010254364,0.8219648116472582,0.7397818854827706,2.9518563325212046
0.3630709684660059,2.047014533665246,2.0469589006373825,-1.0371207938938143,1.6113065524992074
-0.19745238569275614,0.136402327785172,0.1363919252628791,2.919659789000385,0.5253281725928431
2.9860842528130487,2.911044581586992,2.9110368960056365,-1.5379508561478985,-1.837737945647152
1.2662942875587997,1.328768307825128,1.3287454607952836,-0.03134540653719708,-2.002171702823185
0.6162668224198892,1.1298022313312681,1.1297705971680592,-0.2801789061427758,1.305564693831892
1.0859428941846951,1.6947355441081609,1.6946985685082074,-0.9031566243799728,0.06345506065813404
0.5034608580513437,0.548489881146688,0.5484704044994133,0.2107435072739439,-1.2288185976670918
0.29257387780953875,0.7579035050578792,0.7578771766883164,-0.43408879511044934,-0.6768925839254648
0.5483854979785926,0.7757500999183351,0.7757260576009911,-0.48870662405959364,-0.7353040890986313
1.3675136238097165,1.2969558250753177,1.2969372747669268,-0.8117848367480383,-1.9031853831085144
0.5845096446631907,0.7098816146950566,0.7098594096641202,-0.36136885767405497,-1.2760303713280197
0.14453654295191454,0.45333347740395713,0.45331362978143974,-0.31808784526216943,-0.3767674323481772
0.1220887810174549,0.49401346066631724,0.4939926995927145,-0.3237791676744415,-0.8031704262535012
0.20442510450226137,0.43935505088141674,0.4393356962576119,-0.292955473837006,-0.3979058565451189
0.1704815238155898,0.25722603015319945,0.25721076515624086,-0.21518746220973448,0.28341878071082355
0.2064641428499573,-0.2210346972180175,-0.22103931264089813,-0.012977799682237695,0.9452389819491468
0.3689996090758905,-0.05862840912156109,-0.058635327911205744,1.052556519501735,0.05591527270927419
0.09109831448274051,0.2629701571390887,0.26295440492167343,0.13800685052362813,-0.14337556117322564
-0.15159941711438057,-0.2732641946314368,-0.2732654878322758,0.22739165818266047,0.398726390495906
0.5116182013966395,0.5409960774613423,0.5409771273227431,0.06588383321881677,-1.2694412690558865
0.47690419184184246,0.27344278182279214,0.2734293021175351,1.349122367734924,-0.4450573934793108
0.49707884477233344,0.24987534600950678,0.24986293285855557,1.5577762219209639,-1.7650337151425433
0.7116532888826915,0.8343549549368988,0.8343319252243969,-0.14072456193400934,-1.7681984860325513
0.009646158936849185,-0.06786794879307596,-0.06787591394809536,-0.12620370910747858,1.0282250842898049
0.14536894177872836,-0.11482468226673825,-0.11483186170797785,-0.15546421555888462,0.8598082079944227
0.100746027127907,0.08437613535269893,0.08436457250459664,0.1304743788154339,0.17136302971609324
0.007165319201835351,1.098074832163792,1.098040686277777,-0.394216779820992,-0.8531262948561181
0.5316853070589815,0.9090936275226956,0.9090660536773131,0.06666092105290208,-0.6408583023957111
0.12251086288379764,0.4372179304165095,0.43719844466149316,-0.2998917541049968,-0.3129507464723693
-0.10040470169809106,1.4620665172266873,1.462024556306513,-0.5741377186836577,-0.8600647558330463
0.14476624007655764,2.7399760683155754,2.739904875142029,-1.4195971974462216,-0.592639348524
-0.0028701929509892523,0.7060148793437908,0.7059895369911279,0.08786904696882268,0.5164840120755475
-1.1604244287288203,2.474710535863497,2.474659986893853,-1.3763559184146885,1.922011781205495
1.0126714861325432,1.0586653706898477,1.0586433942423843,0.20879824917077763,2.3158718068279676
0.306001734853677,-0.18509404861501097,-0.1850987545920707,0.5924886656062482,0.3390066653932492
0.38878746524056446,0.3864386154927297,0.3864215238000013,0.07061697190230118,-0.5269897225231368
0.0953489371469499,0.062492817099639685,0.06248192475110789,-0.12286976911457463,0.7933262323718064
0.1581973387209186,0.023399150058654002,0.023388956421867224,-0.16466810382320518,0.6161478332307245
0.16433506254516922,-0.10214642244393209,-0.10215379701025067,-0.1967223945154237,0.8535633790085306
0.4710863811332437,0.21300495775575,0.21299301427449,1.1540561254302575,-0.9566699254697292
0.4045143144021586,0.2520207061476506,0.25200699098841983,-0.07385768910883041,0.3163210118378952
0.06976105034831664,0.11488872008777185,0.1148764720930346,-0.12208755656568603,0.8659557235243559
0.089215809009091,-0.20169484070676114,-0.2016999799572459,-0.15691373960948105,0.9972768833757107
0.19207134040787271,0.004088759335384991,0.004079178424215616,0.2544003745764473,0.03955232247560053
-3.7857715831703995,1.8998306836267238,1.899942070595821,-0.8206869104505166,2.349838343448543
-2.9238538830372067,2.3062815840010886,2.3063089724232504,-1.1928729029637104,2.243182821612414
0.45392590349846235,0.6923853850704869,0.6923617817165802,0.19535646686897554,-0.03416487777692871
-1.7066451451453637,2.727788158612012,2.727746256440677,-1.4733443230179202,0.5074937655381585
0.23543025152374394,1.4156495719116873,1.4156084741442423,-0.09407849546713128,0.7364944806053325
-1.1604651333797185,2.1506767879147732,2.150635306173139,-0.9511098916477269,0.07442216065205183
0.6478026276044151,2.6357488590793485,2.6356817974749154,-1.362016979397296,-0.05099351684278174
0.0301752234056156,-0.20321712033722078,-0.20322204628627863,0.19526920075056178,0.9383044385595419
0.11901454154958035,0.0765122628650318,0.07650087659671845,-0.1790976389466753,0.6764645635420005
0.22847637277759306,0.1497846318613784,0.14977195853294864,-0.1785145693836054,0.5242032841977724
0.21046254388417848,0.41798366710901336,0.41796461325089773,-0.2503778825930012,-0.0626541845959461
0.28592622770215015,0.3825215464853882,0.38250364715217156,-0.26021227253581086,0.013577305104803657
-0.434940716987639,0.8194277121288323,0.8194046593623668,-0.009433751839674704,0.6168241259795179
0.6255511757869249,3.0281314130188957,3.028055540637244,-1.5908885762821747,-0.5108987313016782
0.8659108673196033,1.3201915244791649,1.320159376713826,-0.586808655148602,1.256424156141637
0.5346725032135969,1.8014550753751244,1.8014063892310839,-0.8156318490162291,-1.6966633402812294
0.7812783070134163,0.18002387439299405,0.18001947802116272,0.8296620787680663,-0.8429796481973523
0.15823140116882864,-0.10643203770527965,-0.10643940559965191,-0.17173433459409876,0.8355984628604816
0.11774661552448731,-0.13221979677082862,-0.13222658561244283,-0.16993472319935654,1.101602357912969
0.015857721490223856,-0.10352997105435396,-0.10353686675542587,-0.1817327469611609,0.9638732801523158
0.0732746269846689,-0.12092204046181342,-0.12092881431059986,-0.10228249819162111,1.233733459864024
0.11189136420508822,-0.07202772991423433,-0.07203595990182118,-0.1293184222271212,1.1048385364181788
0.05454425569771736,-0.14336046191835497,-0.14336655280297328,-0.21603453871232764,1.0197838961759704
